1104 576
19 19
19 19 19 19 19 19 19 19 19 19 19 19 19 19 19 19 19 19 19 19 19 19 19 19 17 17 17 17 17 17 17 17 17 17 17 17 17 17 17 17 17 17 17 17 17 17 17 17 5 5 5 5 5 5 5 5 5 5 5 5 5 5 5 5 5 5 5 5 5 5 5 5 8 8 8 8 8 8 8 8 8 8 8 8 8 8 8 8 8 8 8 8 8 8 8 8 5 5 5 5 5 5 5 5 5 5 5 5 5 5 5 5 5 5 5 5 5 5 5 5 4 4 4 4 4 4 4 4 4 4 4 4 4 4 4 4 4 4 4 4 4 4 4 4 4 4 4 4 4 4 4 4 4 4 4 4 4 4 4 4 4 4 4 4 4 4 4 4 7 7 7 7 7 7 7 7 7 7 7 7 7 7 7 7 7 7 7 7 7 7 7 7 6 6 6 6 6 6 6 6 6 6 6 6 6 6 6 6 6 6 6 6 6 6 6 6 4 4 4 4 4 4 4 4 4 4 4 4 4 4 4 4 4 4 4 4 4 4 4 4 9 9 9 9 9 9 9 9 9 9 9 9 9 9 9 9 9 9 9 9 9 9 9 9 8 8 8 8 8 8 8 8 8 8 8 8 8 8 8 8 8 8 8 8 8 8 8 8 9 9 9 9 9 9 9 9 9 9 9 9 9 9 9 9 9 9 9 9 9 9 9 9 9 9 9 9 9 9 9 9 9 9 9 9 9 9 9 9 9 9 9 9 9 9 9 9 6 6 6 6 6 6 6 6 6 6 6 6 6 6 6 6 6 6 6 6 6 6 6 6 4 4 4 4 4 4 4 4 4 4 4 4 4 4 4 4 4 4 4 4 4 4 4 4 9 9 9 9 9 9 9 9 9 9 9 9 9 9 9 9 9 9 9 9 9 9 9 9 8 8 8 8 8 8 8 8 8 8 8 8 8 8 8 8 8 8 8 8 8 8 8 8 9 9 9 9 9 9 9 9 9 9 9 9 9 9 9 9 9 9 9 9 9 9 9 9 5 5 5 5 5 5 5 5 5 5 5 5 5 5 5 5 5 5 5 5 5 5 5 5 8 8 8 8 8 8 8 8 8 8 8 8 8 8 8 8 8 8 8 8 8 8 8 8 9 9 9 9 9 9 9 9 9 9 9 9 9 9 9 9 9 9 9 9 9 9 9 9 8 8 8 8 8 8 8 8 8 8 8 8 8 8 8 8 8 8 8 8 8 8 8 8 4 4 4 4 4 4 4 4 4 4 4 4 4 4 4 4 4 4 4 4 4 4 4 4 3 3 3 3 3 3 3 3 3 3 3 3 3 3 3 3 3 3 3 3 3 3 3 3 3 3 3 3 3 3 3 3 3 3 3 3 3 3 3 3 3 3 3 3 3 3 3 3 1 1 1 1 1 1 1 1 1 1 1 1 1 1 1 1 1 1 1 1 1 1 1 1 1 1 1 1 1 1 1 1 1 1 1 1 1 1 1 1 1 1 1 1 1 1 1 1 1 1 1 1 1 1 1 1 1 1 1 1 1 1 1 1 1 1 1 1 1 1 1 1 1 1 1 1 1 1 1 1 1 1 1 1 1 1 1 1 1 1 1 1 1 1 1 1 1 1 1 1 1 1 1 1 1 1 1 1 1 1 1 1 1 1 1 1 1 1 1 1 1 1 1 1 1 1 1 1 1 1 1 1 1 1 1 1 1 1 1 1 1 1 1 1 1 1 1 1 1 1 1 1 1 1 1 1 1 1 1 1 1 1 1 1 1 1 1 1 1 1 1 1 1 1 1 1 1 1 1 1 1 1 1 1 1 1 1 1 1 1 1 1 1 1 1 1 1 1 1 1 1 1 1 1 1 1 1 1 1 1 1 1 1 1 1 1 1 1 1 1 1 1 1 1 1 1 1 1 1 1 1 1 1 1 1 1 1 1 1 1 1 1 1 1 1 1 1 1 1 1 1 1 1 1 1 1 1 1 1 1 1 1 1 1 1 1 1 1 1 1 1 1 1 1 1 1 1 1 1 1 1 1 1 1 1 1 1 1 1 1 1 1 1 1 1 1 1 1 1 1 1 1 1 1 1 1 1 1 1 1 1 1 1 1 1 1 1 1 1 1 1 1 1 1 1 1 1 1 1 1 1 1 1 1 1 1 1 1 1 1 1 1 1 1 1 1 1 1 1 1 1 1 1 1 1 1 1 1 1 1 1 1 1 1 1 1 1 1 1 1 1 1 1 1 1 1 1 1 1 1 1 1 1 1 1 1 1 1 1 1 1 1 1 1 1 1 1 1 1 1 1 1 1 1 1 1 1 1 1 1 1 1 1 1 1 1 1 1 1 1 1 1 1 1 1 1 1 1 1 1 1 1 1 1 1 1 1 1 1 1 1 1 1 1 1 1 1 1 1 1 1 1 1 1 1 1 1 1 1 1 1 1 1 1 1 1 1 1 1 1 1 1 1 1 1 1 1 1 1 1 
19 19 19 19 19 19 19 19 19 19 19 19 19 19 19 19 19 19 19 19 19 19 19 19 19 19 19 19 19 19 19 19 19 19 19 19 19 19 19 19 19 19 19 19 19 19 19 19 19 19 19 19 19 19 19 19 19 19 19 19 19 19 19 19 19 19 19 19 19 19 19 19 19 19 19 19 19 19 19 19 19 19 19 19 19 19 19 19 19 19 19 19 19 19 19 19 3 3 3 3 3 3 3 3 3 3 3 3 3 3 3 3 3 3 3 3 3 3 3 3 8 8 8 8 8 8 8 8 8 8 8 8 8 8 8 8 8 8 8 8 8 8 8 8 9 9 9 9 9 9 9 9 9 9 9 9 9 9 9 9 9 9 9 9 9 9 9 9 7 7 7 7 7 7 7 7 7 7 7 7 7 7 7 7 7 7 7 7 7 7 7 7 10 10 10 10 10 10 10 10 10 10 10 10 10 10 10 10 10 10 10 10 10 10 10 10 9 9 9 9 9 9 9 9 9 9 9 9 9 9 9 9 9 9 9 9 9 9 9 9 7 7 7 7 7 7 7 7 7 7 7 7 7 7 7 7 7 7 7 7 7 7 7 7 8 8 8 8 8 8 8 8 8 8 8 8 8 8 8 8 8 8 8 8 8 8 8 8 7 7 7 7 7 7 7 7 7 7 7 7 7 7 7 7 7 7 7 7 7 7 7 7 6 6 6 6 6 6 6 6 6 6 6 6 6 6 6 6 6 6 6 6 6 6 6 6 7 7 7 7 7 7 7 7 7 7 7 7 7 7 7 7 7 7 7 7 7 7 7 7 7 7 7 7 7 7 7 7 7 7 7 7 7 7 7 7 7 7 7 7 7 7 7 7 6 6 6 6 6 6 6 6 6 6 6 6 6 6 6 6 6 6 6 6 6 6 6 6 6 6 6 6 6 6 6 6 6 6 6 6 6 6 6 6 6 6 6 6 6 6 6 6 6 6 6 6 6 6 6 6 6 6 6 6 6 6 6 6 6 6 6 6 6 6 6 6 6 6 6 6 6 6 6 6 6 6 6 6 6 6 6 6 6 6 6 6 6 6 6 6 6 6 6 6 6 6 6 6 6 6 6 6 6 6 6 6 6 6 6 6 6 6 6 6 6 6 6 6 6 6 6 6 6 6 6 6 6 6 6 6 6 6 6 6 6 6 6 6 5 5 5 5 5 5 5 5 5 5 5 5 5 5 5 5 5 5 5 5 5 5 5 5 5 5 5 5 5 5 5 5 5 5 5 5 5 5 5 5 5 5 5 5 5 5 5 5 
6 45 60 85 101 142 155 184 198 235 265 308 336 339 384 413 480 486 547 
7 46 61 86 102 143 156 185 199 236 266 309 313 340 361 414 457 487 548 
8 47 62 87 103 144 157 186 200 237 267 310 314 341 362 415 458 488 549 
9 48 63 88 104 121 158 187 201 238 268 311 315 342 363 416 459 489 550 
10 25 64 89 105 122 159 188 202 239 269 312 316 343 364 417 460 490 551 
11 26 65 90 106 123 160 189 203 240 270 289 317 344 365 418 461 491 552 
12 27 66 91 107 124 161 190 204 217 271 290 318 345 366 419 462 492 529 
13 28 67 92 108 125 162 191 205 218 272 291 319 346 367 420 463 493 530 
14 29 68 93 109 126 163 192 206 219 273 292 320 347 368 421 464 494 531 
15 30 69 94 110 127 164 169 207 220 274 293 321 348 369 422 465 495 532 
16 31 70 95 111 128 165 170 208 221 275 294 322 349 370 423 466 496 533 
17 32 71 96 112 129 166 171 209 222 276 295 323 350 371 424 467 497 534 
18 33 72 73 113 130 167 172 210 223 277 296 324 351 372 425 468 498 535 
19 34 49 74 114 131 168 173 211 224 278 297 325 352 373 426 469 499 536 
20 35 50 75 115 132 145 174 212 225 279 298 326 353 374 427 470 500 537 
21 36 51 76 116 133 146 175 213 226 280 299 327 354 375 428 471 501 538 
22 37 52 77 117 134 147 176 214 227 281 300 328 355 376 429 472 502 539 
23 38 53 78 118 135 148 177 215 228 282 301 329 356 377 430 473 503 540 
24 39 54 79 119 136 149 178 216 229 283 302 330 357 378 431 474 504 541 
1 40 55 80 120 137 150 179 193 230 284 303 331 358 379 432 475 481 542 
2 41 56 81 97 138 151 180 194 231 285 304 332 359 380 409 476 482 543 
3 42 57 82 98 139 152 181 195 232 286 305 333 360 381 410 477 483 544 
4 43 58 83 99 140 153 182 196 233 287 306 334 337 382 411 478 484 545 
5 44 59 84 100 141 154 183 197 234 288 307 335 338 383 412 479 485 546 
6 63 82 108 131 179 206 225 260 283 295 383 396 447 460 516 553 
7 64 83 109 132 180 207 226 261 284 296 384 397 448 461 517 554 
8 65 84 110 133 181 208 227 262 285 297 361 398 449 462 518 555 
9 66 85 111 134 182 209 228 263 286 298 362 399 450 463 519 556 
10 67 86 112 135 183 210 229 264 287 299 363 400 451 464 520 557 
11 68 87 113 136 184 211 230 241 288 300 364 401 452 465 521 558 
12 69 88 114 137 185 212 231 242 265 301 365 402 453 466 522 559 
13 70 89 115 138 186 213 232 243 266 302 366 403 454 467 523 560 
14 71 90 116 139 187 214 233 244 267 303 367 404 455 468 524 561 
15 72 91 117 140 188 215 234 245 268 304 368 405 456 469 525 562 
16 49 92 118 141 189 216 235 246 269 305 369 406 433 470 526 563 
17 50 93 119 142 190 193 236 247 270 306 370 407 434 471 527 564 
18 51 94 120 143 191 194 237 248 271 307 371 408 435 472 528 565 
19 52 95 97 144 192 195 238 249 272 308 372 385 436 473 505 566 
20 53 96 98 121 169 196 239 250 273 309 373 386 437 474 506 567 
21 54 73 99 122 170 197 240 251 274 310 374 387 438 475 507 568 
22 55 74 100 123 171 198 217 252 275 311 375 388 439 476 508 569 
23 56 75 101 124 172 199 218 253 276 312 376 389 440 477 509 570 
24 57 76 102 125 173 200 219 254 277 289 377 390 441 478 510 571 
1 58 77 103 126 174 201 220 255 278 290 378 391 442 479 511 572 
2 59 78 104 127 175 202 221 256 279 291 379 392 443 480 512 573 
3 60 79 105 128 176 203 222 257 280 292 380 393 444 457 513 574 
4 61 80 106 129 177 204 223 258 281 293 381 394 445 458 514 575 
5 62 81 107 130 178 205 224 259 282 294 382 395 446 459 515 576 
23 45 57 262 560 
24 46 58 263 561 
1 47 59 264 562 
2 48 60 241 563 
3 25 61 242 564 
4 26 62 243 565 
5 27 63 244 566 
6 28 64 245 567 
7 29 65 246 568 
8 30 66 247 569 
9 31 67 248 570 
10 32 68 249 571 
11 33 69 250 572 
12 34 70 251 573 
13 35 71 252 574 
14 36 72 253 575 
15 37 49 254 576 
16 38 50 255 553 
17 39 51 256 554 
18 40 52 257 555 
19 41 53 258 556 
20 42 54 259 557 
21 43 55 260 558 
22 44 56 261 559 
16 48 73 126 196 328 407 491 
17 25 74 127 197 329 408 492 
18 26 75 128 198 330 385 493 
19 27 76 129 199 331 386 494 
20 28 77 130 200 332 387 495 
21 29 78 131 201 333 388 496 
22 30 79 132 202 334 389 497 
23 31 80 133 203 335 390 498 
24 32 81 134 204 336 391 499 
1 33 82 135 205 313 392 500 
2 34 83 136 206 314 393 501 
3 35 84 137 207 315 394 502 
4 36 85 138 208 316 395 503 
5 37 86 139 209 317 396 504 
6 38 87 140 210 318 397 481 
7 39 88 141 211 319 398 482 
8 40 89 142 212 320 399 483 
9 41 90 143 213 321 400 484 
10 42 91 144 214 322 401 485 
11 43 92 121 215 323 402 486 
12 44 93 122 216 324 403 487 
13 45 94 123 193 325 404 488 
14 46 95 124 194 326 405 489 
15 47 96 125 195 327 406 490 
25 53 86 189 255 
26 54 87 190 256 
27 55 88 191 257 
28 56 89 192 258 
29 57 90 169 259 
30 58 91 170 260 
31 59 92 171 261 
32 60 93 172 262 
33 61 94 173 263 
34 62 95 174 264 
35 63 96 175 241 
36 64 73 176 242 
37 65 74 177 243 
38 66 75 178 244 
39 67 76 179 245 
40 68 77 180 246 
41 69 78 181 247 
42 70 79 182 248 
43 71 80 183 249 
44 72 81 184 250 
45 49 82 185 251 
46 50 83 186 252 
47 51 84 187 253 
48 52 85 188 254 
12 25 57 523 
13 26 58 524 
14 27 59 525 
15 28 60 526 
16 29 61 527 
17 30 62 528 
18 31 63 505 
19 32 64 506 
20 33 65 507 
21 34 66 508 
22 35 67 509 
23 36 68 510 
24 37 69 511 
1 38 70 512 
2 39 71 513 
3 40 72 514 
4 41 49 515 
5 42 50 516 
6 43 51 517 
7 44 52 518 
8 45 53 519 
9 46 54 520 
10 47 55 521 
11 48 56 522 
1 56 90 152 
2 57 91 153 
3 58 92 154 
4 59 93 155 
5 60 94 156 
6 61 95 157 
7 62 96 158 
8 63 73 159 
9 64 74 160 
10 65 75 161 
11 66 76 162 
12 67 77 163 
13 68 78 164 
14 69 79 165 
15 70 80 166 
16 71 81 167 
17 72 82 168 
18 49 83 145 
19 50 84 146 
20 51 85 147 
21 52 86 148 
22 53 87 149 
23 54 88 150 
24 55 89 151 
30 70 88 172 250 335 473 
31 71 89 173 251 336 474 
32 72 90 174 252 313 475 
33 49 91 175 253 314 476 
34 50 92 176 254 315 477 
35 51 93 177 255 316 478 
36 52 94 178 256 317 479 
37 53 95 179 257 318 480 
38 54 96 180 258 319 457 
39 55 73 181 259 320 458 
40 56 74 182 260 321 459 
41 57 75 183 261 322 460 
42 58 76 184 262 323 461 
43 59 77 185 263 324 462 
44 60 78 186 264 325 463 
45 61 79 187 241 326 464 
46 62 80 188 242 327 465 
47 63 81 189 243 328 466 
48 64 82 190 244 329 467 
25 65 83 191 245 330 468 
26 66 84 192 246 331 469 
27 67 85 169 247 332 470 
28 68 86 170 248 333 471 
29 69 87 171 249 334 472 
30 57 89 191 242 479 
31 58 90 192 243 480 
32 59 91 169 244 457 
33 60 92 170 245 458 
34 61 93 171 246 459 
35 62 94 172 247 460 
36 63 95 173 248 461 
37 64 96 174 249 462 
38 65 73 175 250 463 
39 66 74 176 251 464 
40 67 75 177 252 465 
41 68 76 178 253 466 
42 69 77 179 254 467 
43 70 78 180 255 468 
44 71 79 181 256 469 
45 72 80 182 257 470 
46 49 81 183 258 471 
47 50 82 184 259 472 
48 51 83 185 260 473 
25 52 84 186 261 474 
26 53 85 187 262 475 
27 54 86 188 263 476 
28 55 87 189 264 477 
29 56 88 190 241 478 
20 39 58 481 
21 40 59 482 
22 41 60 483 
23 42 61 484 
24 43 62 485 
1 44 63 486 
2 45 64 487 
3 46 65 488 
4 47 66 489 
5 48 67 490 
6 25 68 491 
7 26 69 492 
8 27 70 493 
9 28 71 494 
10 29 72 495 
11 30 49 496 
12 31 50 497 
13 32 51 498 
14 33 52 499 
15 34 53 500 
16 35 54 501 
17 36 55 502 
18 37 56 503 
19 38 57 504 
1 64 85 168 232 307 367 476 564 
2 65 86 145 233 308 368 477 565 
3 66 87 146 234 309 369 478 566 
4 67 88 147 235 310 370 479 567 
5 68 89 148 236 311 371 480 568 
6 69 90 149 237 312 372 457 569 
7 70 91 150 238 289 373 458 570 
8 71 92 151 239 290 374 459 571 
9 72 93 152 240 291 375 460 572 
10 49 94 153 217 292 376 461 573 
11 50 95 154 218 293 377 462 574 
12 51 96 155 219 294 378 463 575 
13 52 73 156 220 295 379 464 576 
14 53 74 157 221 296 380 465 553 
15 54 75 158 222 297 381 466 554 
16 55 76 159 223 298 382 467 555 
17 56 77 160 224 299 383 468 556 
18 57 78 161 225 300 384 469 557 
19 58 79 162 226 301 361 470 558 
20 59 80 163 227 302 362 471 559 
21 60 81 164 228 303 363 472 560 
22 61 82 165 229 304 364 473 561 
23 62 83 166 230 305 365 474 562 
24 63 84 167 231 306 366 475 563 
12 42 80 154 228 297 400 500 
13 43 81 155 229 298 401 501 
14 44 82 156 230 299 402 502 
15 45 83 157 231 300 403 503 
16 46 84 158 232 301 404 504 
17 47 85 159 233 302 405 481 
18 48 86 160 234 303 406 482 
19 25 87 161 235 304 407 483 
20 26 88 162 236 305 408 484 
21 27 89 163 237 306 385 485 
22 28 90 164 238 307 386 486 
23 29 91 165 239 308 387 487 
24 30 92 166 240 309 388 488 
1 31 93 167 217 310 389 489 
2 32 94 168 218 311 390 490 
3 33 95 145 219 312 391 491 
4 34 96 146 220 289 392 492 
5 35 73 147 221 290 393 493 
6 36 74 148 222 291 394 494 
7 37 75 149 223 292 395 495 
8 38 76 150 224 293 396 496 
9 39 77 151 225 294 397 497 
10 40 78 152 226 295 398 498 
11 41 79 153 227 296 399 499 
8 43 82 123 199 281 353 438 542 
9 44 83 124 200 282 354 439 543 
10 45 84 125 201 283 355 440 544 
11 46 85 126 202 284 356 441 545 
12 47 86 127 203 285 357 442 546 
13 48 87 128 204 286 358 443 547 
14 25 88 129 205 287 359 444 548 
15 26 89 130 206 288 360 445 549 
16 27 90 131 207 265 337 446 550 
17 28 91 132 208 266 338 447 551 
18 29 92 133 209 267 339 448 552 
19 30 93 134 210 268 340 449 529 
20 31 94 135 211 269 341 450 530 
21 32 95 136 212 270 342 451 531 
22 33 96 137 213 271 343 452 532 
23 34 73 138 214 272 344 453 533 
24 35 74 139 215 273 345 454 534 
1 36 75 140 216 274 346 455 535 
2 37 76 141 193 275 347 456 536 
3 38 77 142 194 276 348 433 537 
4 39 78 143 195 277 349 434 538 
5 40 79 144 196 278 350 435 539 
6 41 80 121 197 279 351 436 540 
7 42 81 122 198 280 352 437 541 
4 65 92 149 232 311 379 441 536 
5 66 93 150 233 312 380 442 537 
6 67 94 151 234 289 381 443 538 
7 68 95 152 235 290 382 444 539 
8 69 96 153 236 291 383 445 540 
9 70 73 154 237 292 384 446 541 
10 71 74 155 238 293 361 447 542 
11 72 75 156 239 294 362 448 543 
12 49 76 157 240 295 363 449 544 
13 50 77 158 217 296 364 450 545 
14 51 78 159 218 297 365 451 546 
15 52 79 160 219 298 366 452 547 
16 53 80 161 220 299 367 453 548 
17 54 81 162 221 300 368 454 549 
18 55 82 163 222 301 369 455 550 
19 56 83 164 223 302 370 456 551 
20 57 84 165 224 303 371 433 552 
21 58 85 166 225 304 372 434 529 
22 59 86 167 226 305 373 435 530 
23 60 87 168 227 306 374 436 531 
24 61 88 145 228 307 375 437 532 
1 62 89 146 229 308 376 438 533 
2 63 90 147 230 309 377 439 534 
3 64 91 148 231 310 378 440 535 
48 57 77 175 247 418 
25 58 78 176 248 419 
26 59 79 177 249 420 
27 60 80 178 250 421 
28 61 81 179 251 422 
29 62 82 180 252 423 
30 63 83 181 253 424 
31 64 84 182 254 425 
32 65 85 183 255 426 
33 66 86 184 256 427 
34 67 87 185 257 428 
35 68 88 186 258 429 
36 69 89 187 259 430 
37 70 90 188 260 431 
38 71 91 189 261 432 
39 72 92 190 262 409 
40 49 93 191 263 410 
41 50 94 192 264 411 
42 51 95 169 241 412 
43 52 96 170 242 413 
44 53 73 171 243 414 
45 54 74 172 244 415 
46 55 75 173 245 416 
47 56 76 174 246 417 
2 46 68 344 
3 47 69 345 
4 48 70 346 
5 25 71 347 
6 26 72 348 
7 27 49 349 
8 28 50 350 
9 29 51 351 
10 30 52 352 
11 31 53 353 
12 32 54 354 
13 33 55 355 
14 34 56 356 
15 35 57 357 
16 36 58 358 
17 37 59 359 
18 38 60 360 
19 39 61 337 
20 40 62 338 
21 41 63 339 
22 42 64 340 
23 43 65 341 
24 44 66 342 
1 45 67 343 
15 31 81 144 202 266 344 424 513 
16 32 82 121 203 267 345 425 514 
17 33 83 122 204 268 346 426 515 
18 34 84 123 205 269 347 427 516 
19 35 85 124 206 270 348 428 517 
20 36 86 125 207 271 349 429 518 
21 37 87 126 208 272 350 430 519 
22 38 88 127 209 273 351 431 520 
23 39 89 128 210 274 352 432 521 
24 40 90 129 211 275 353 409 522 
1 41 91 130 212 276 354 410 523 
2 42 92 131 213 277 355 411 524 
3 43 93 132 214 278 356 412 525 
4 44 94 133 215 279 357 413 526 
5 45 95 134 216 280 358 414 527 
6 46 96 135 193 281 359 415 528 
7 47 73 136 194 282 360 416 505 
8 48 74 137 195 283 337 417 506 
9 25 75 138 196 284 338 418 507 
10 26 76 139 197 285 339 419 508 
11 27 77 140 198 286 340 420 509 
12 28 78 141 199 287 341 421 510 
13 29 79 142 200 288 342 422 511 
14 30 80 143 201 265 343 423 512 
31 62 85 156 226 350 411 531 
32 63 86 157 227 351 412 532 
33 64 87 158 228 352 413 533 
34 65 88 159 229 353 414 534 
35 66 89 160 230 354 415 535 
36 67 90 161 231 355 416 536 
37 68 91 162 232 356 417 537 
38 69 92 163 233 357 418 538 
39 70 93 164 234 358 419 539 
40 71 94 165 235 359 420 540 
41 72 95 166 236 360 421 541 
42 49 96 167 237 337 422 542 
43 50 73 168 238 338 423 543 
44 51 74 145 239 339 424 544 
45 52 75 146 240 340 425 545 
46 53 76 147 217 341 426 546 
47 54 77 148 218 342 427 547 
48 55 78 149 219 343 428 548 
25 56 79 150 220 344 429 549 
26 57 80 151 221 345 430 550 
27 58 81 152 222 346 431 551 
28 59 82 153 223 347 432 552 
29 60 83 154 224 348 409 529 
30 61 84 155 225 349 410 530 
23 49 90 151 226 311 378 445 574 
24 50 91 152 227 312 379 446 575 
1 51 92 153 228 289 380 447 576 
2 52 93 154 229 290 381 448 553 
3 53 94 155 230 291 382 449 554 
4 54 95 156 231 292 383 450 555 
5 55 96 157 232 293 384 451 556 
6 56 73 158 233 294 361 452 557 
7 57 74 159 234 295 362 453 558 
8 58 75 160 235 296 363 454 559 
9 59 76 161 236 297 364 455 560 
10 60 77 162 237 298 365 456 561 
11 61 78 163 238 299 366 433 562 
12 62 79 164 239 300 367 434 563 
13 63 80 165 240 301 368 435 564 
14 64 81 166 217 302 369 436 565 
15 65 82 167 218 303 370 437 566 
16 66 83 168 219 304 371 438 567 
17 67 84 145 220 305 372 439 568 
18 68 85 146 221 306 373 440 569 
19 69 86 147 222 307 374 441 570 
20 70 87 148 223 308 375 442 571 
21 71 88 149 224 309 376 443 572 
22 72 89 150 225 310 377 444 573 
13 30 60 209 453 
14 31 61 210 454 
15 32 62 211 455 
16 33 63 212 456 
17 34 64 213 433 
18 35 65 214 434 
19 36 66 215 435 
20 37 67 216 436 
21 38 68 193 437 
22 39 69 194 438 
23 40 70 195 439 
24 41 71 196 440 
1 42 72 197 441 
2 43 49 198 442 
3 44 50 199 443 
4 45 51 200 444 
5 46 52 201 445 
6 47 53 202 446 
7 48 54 203 447 
8 25 55 204 448 
9 26 56 205 449 
10 27 57 206 450 
11 28 58 207 451 
12 29 59 208 452 
7 60 82 160 231 318 408 508 
8 61 83 161 232 319 385 509 
9 62 84 162 233 320 386 510 
10 63 85 163 234 321 387 511 
11 64 86 164 235 322 388 512 
12 65 87 165 236 323 389 513 
13 66 88 166 237 324 390 514 
14 67 89 167 238 325 391 515 
15 68 90 168 239 326 392 516 
16 69 91 145 240 327 393 517 
17 70 92 146 217 328 394 518 
18 71 93 147 218 329 395 519 
19 72 94 148 219 330 396 520 
20 49 95 149 220 331 397 521 
21 50 96 150 221 332 398 522 
22 51 73 151 222 333 399 523 
23 52 74 152 223 334 400 524 
24 53 75 153 224 335 401 525 
1 54 76 154 225 336 402 526 
2 55 77 155 226 313 403 527 
3 56 78 156 227 314 404 528 
4 57 79 157 228 315 405 505 
5 58 80 158 229 316 406 506 
6 59 81 159 230 317 407 507 
15 33 76 142 209 269 349 418 528 
16 34 77 143 210 270 350 419 505 
17 35 78 144 211 271 351 420 506 
18 36 79 121 212 272 352 421 507 
19 37 80 122 213 273 353 422 508 
20 38 81 123 214 274 354 423 509 
21 39 82 124 215 275 355 424 510 
22 40 83 125 216 276 356 425 511 
23 41 84 126 193 277 357 426 512 
24 42 85 127 194 278 358 427 513 
1 43 86 128 195 279 359 428 514 
2 44 87 129 196 280 360 429 515 
3 45 88 130 197 281 337 430 516 
4 46 89 131 198 282 338 431 517 
5 47 90 132 199 283 339 432 518 
6 48 91 133 200 284 340 409 519 
7 25 92 134 201 285 341 410 520 
8 26 93 135 202 286 342 411 521 
9 27 94 136 203 287 343 412 522 
10 28 95 137 204 288 344 413 523 
11 29 96 138 205 265 345 414 524 
12 30 73 139 206 266 346 415 525 
13 31 74 140 207 267 347 416 526 
14 32 75 141 208 268 348 417 527 
24 25 96 132 198 267 400 494 
1 26 73 133 199 268 401 495 
2 27 74 134 200 269 402 496 
3 28 75 135 201 270 403 497 
4 29 76 136 202 271 404 498 
5 30 77 137 203 272 405 499 
6 31 78 138 204 273 406 500 
7 32 79 139 205 274 407 501 
8 33 80 140 206 275 408 502 
9 34 81 141 207 276 385 503 
10 35 82 142 208 277 386 504 
11 36 83 143 209 278 387 481 
12 37 84 144 210 279 388 482 
13 38 85 121 211 280 389 483 
14 39 86 122 212 281 390 484 
15 40 87 123 213 282 391 485 
16 41 88 124 214 283 392 486 
17 42 89 125 215 284 393 487 
18 43 90 126 216 285 394 488 
19 44 91 127 193 286 395 489 
20 45 92 128 194 287 396 490 
21 46 93 129 195 288 397 491 
22 47 94 130 196 265 398 492 
23 48 95 131 197 266 399 493 
1 25 270 327 
2 26 271 328 
3 27 272 329 
4 28 273 330 
5 29 274 331 
6 30 275 332 
7 31 276 333 
8 32 277 334 
9 33 278 335 
10 34 279 336 
11 35 280 313 
12 36 281 314 
13 37 282 315 
14 38 283 316 
15 39 284 317 
16 40 285 318 
17 41 286 319 
18 42 287 320 
19 43 288 321 
20 44 265 322 
21 45 266 323 
22 46 267 324 
23 47 268 325 
24 48 269 326 
25 49 215 
26 50 216 
27 51 193 
28 52 194 
29 53 195 
30 54 196 
31 55 197 
32 56 198 
33 57 199 
34 58 200 
35 59 201 
36 60 202 
37 61 203 
38 62 204 
39 63 205 
40 64 206 
41 65 207 
42 66 208 
43 67 209 
44 68 210 
45 69 211 
46 70 212 
47 71 213 
48 72 214 
49 73 380 
50 74 381 
51 75 382 
52 76 383 
53 77 384 
54 78 361 
55 79 362 
56 80 363 
57 81 364 
58 82 365 
59 83 366 
60 84 367 
61 85 368 
62 86 369 
63 87 370 
64 88 371 
65 89 372 
66 90 373 
67 91 374 
68 92 375 
69 93 376 
70 94 377 
71 95 378 
72 96 379 
97 
98 
99 
100 
101 
102 
103 
104 
105 
106 
107 
108 
109 
110 
111 
112 
113 
114 
115 
116 
117 
118 
119 
120 
121 
122 
123 
124 
125 
126 
127 
128 
129 
130 
131 
132 
133 
134 
135 
136 
137 
138 
139 
140 
141 
142 
143 
144 
145 
146 
147 
148 
149 
150 
151 
152 
153 
154 
155 
156 
157 
158 
159 
160 
161 
162 
163 
164 
165 
166 
167 
168 
169 
170 
171 
172 
173 
174 
175 
176 
177 
178 
179 
180 
181 
182 
183 
184 
185 
186 
187 
188 
189 
190 
191 
192 
193 
194 
195 
196 
197 
198 
199 
200 
201 
202 
203 
204 
205 
206 
207 
208 
209 
210 
211 
212 
213 
214 
215 
216 
217 
218 
219 
220 
221 
222 
223 
224 
225 
226 
227 
228 
229 
230 
231 
232 
233 
234 
235 
236 
237 
238 
239 
240 
241 
242 
243 
244 
245 
246 
247 
248 
249 
250 
251 
252 
253 
254 
255 
256 
257 
258 
259 
260 
261 
262 
263 
264 
265 
266 
267 
268 
269 
270 
271 
272 
273 
274 
275 
276 
277 
278 
279 
280 
281 
282 
283 
284 
285 
286 
287 
288 
289 
290 
291 
292 
293 
294 
295 
296 
297 
298 
299 
300 
301 
302 
303 
304 
305 
306 
307 
308 
309 
310 
311 
312 
313 
314 
315 
316 
317 
318 
319 
320 
321 
322 
323 
324 
325 
326 
327 
328 
329 
330 
331 
332 
333 
334 
335 
336 
337 
338 
339 
340 
341 
342 
343 
344 
345 
346 
347 
348 
349 
350 
351 
352 
353 
354 
355 
356 
357 
358 
359 
360 
361 
362 
363 
364 
365 
366 
367 
368 
369 
370 
371 
372 
373 
374 
375 
376 
377 
378 
379 
380 
381 
382 
383 
384 
385 
386 
387 
388 
389 
390 
391 
392 
393 
394 
395 
396 
397 
398 
399 
400 
401 
402 
403 
404 
405 
406 
407 
408 
409 
410 
411 
412 
413 
414 
415 
416 
417 
418 
419 
420 
421 
422 
423 
424 
425 
426 
427 
428 
429 
430 
431 
432 
433 
434 
435 
436 
437 
438 
439 
440 
441 
442 
443 
444 
445 
446 
447 
448 
449 
450 
451 
452 
453 
454 
455 
456 
457 
458 
459 
460 
461 
462 
463 
464 
465 
466 
467 
468 
469 
470 
471 
472 
473 
474 
475 
476 
477 
478 
479 
480 
481 
482 
483 
484 
485 
486 
487 
488 
489 
490 
491 
492 
493 
494 
495 
496 
497 
498 
499 
500 
501 
502 
503 
504 
505 
506 
507 
508 
509 
510 
511 
512 
513 
514 
515 
516 
517 
518 
519 
520 
521 
522 
523 
524 
525 
526 
527 
528 
529 
530 
531 
532 
533 
534 
535 
536 
537 
538 
539 
540 
541 
542 
543 
544 
545 
546 
547 
548 
549 
550 
551 
552 
553 
554 
555 
556 
557 
558 
559 
560 
561 
562 
563 
564 
565 
566 
567 
568 
569 
570 
571 
572 
573 
574 
575 
576 
20 44 51 82 134 145 222 241 278 306 334 384 395 435 469 499 515 530 553 
21 45 52 83 135 146 223 242 279 307 335 361 396 436 470 500 516 531 554 
22 46 53 84 136 147 224 243 280 308 336 362 397 437 471 501 517 532 555 
23 47 54 85 137 148 225 244 281 309 313 363 398 438 472 502 518 533 556 
24 48 55 86 138 149 226 245 282 310 314 364 399 439 473 503 519 534 557 
1 25 56 87 139 150 227 246 283 311 315 365 400 440 474 504 520 535 558 
2 26 57 88 140 151 228 247 284 312 316 366 401 441 475 481 521 536 559 
3 27 58 89 141 152 229 248 285 289 317 367 402 442 476 482 522 537 560 
4 28 59 90 142 153 230 249 286 290 318 368 403 443 477 483 523 538 561 
5 29 60 91 143 154 231 250 287 291 319 369 404 444 478 484 524 539 562 
6 30 61 92 144 155 232 251 288 292 320 370 405 445 479 485 525 540 563 
7 31 62 93 121 156 233 252 265 293 321 371 406 446 480 486 526 541 564 
8 32 63 94 122 157 234 253 266 294 322 372 407 447 457 487 527 542 565 
9 33 64 95 123 158 235 254 267 295 323 373 408 448 458 488 528 543 566 
10 34 65 96 124 159 236 255 268 296 324 374 385 449 459 489 505 544 567 
11 35 66 73 125 160 237 256 269 297 325 375 386 450 460 490 506 545 568 
12 36 67 74 126 161 238 257 270 298 326 376 387 451 461 491 507 546 569 
13 37 68 75 127 162 239 258 271 299 327 377 388 452 462 492 508 547 570 
14 38 69 76 128 163 240 259 272 300 328 378 389 453 463 493 509 548 571 
15 39 70 77 129 164 217 260 273 301 329 379 390 454 464 494 510 549 572 
16 40 71 78 130 165 218 261 274 302 330 380 391 455 465 495 511 550 573 
17 41 72 79 131 166 219 262 275 303 331 381 392 456 466 496 512 551 574 
18 42 49 80 132 167 220 263 276 304 332 382 393 433 467 497 513 552 575 
19 43 50 81 133 168 221 264 277 305 333 383 394 434 468 498 514 529 576 
5 53 74 97 121 188 212 227 272 295 338 364 403 427 476 521 529 553 577 
6 54 75 98 122 189 213 228 273 296 339 365 404 428 477 522 530 554 578 
7 55 76 99 123 190 214 229 274 297 340 366 405 429 478 523 531 555 579 
8 56 77 100 124 191 215 230 275 298 341 367 406 430 479 524 532 556 580 
9 57 78 101 125 192 216 231 276 299 342 368 407 431 480 525 533 557 581 
10 58 79 102 126 169 193 232 277 300 343 369 408 432 457 526 534 558 582 
11 59 80 103 127 170 194 233 278 301 344 370 385 409 458 527 535 559 583 
12 60 81 104 128 171 195 234 279 302 345 371 386 410 459 528 536 560 584 
13 61 82 105 129 172 196 235 280 303 346 372 387 411 460 505 537 561 585 
14 62 83 106 130 173 197 236 281 304 347 373 388 412 461 506 538 562 586 
15 63 84 107 131 174 198 237 282 305 348 374 389 413 462 507 539 563 587 
16 64 85 108 132 175 199 238 283 306 349 375 390 414 463 508 540 564 588 
17 65 86 109 133 176 200 239 284 307 350 376 391 415 464 509 541 565 589 
18 66 87 110 134 177 201 240 285 308 351 377 392 416 465 510 542 566 590 
19 67 88 111 135 178 202 217 286 309 352 378 393 417 466 511 543 567 591 
20 68 89 112 136 179 203 218 287 310 353 379 394 418 467 512 544 568 592 
21 69 90 113 137 180 204 219 288 311 354 380 395 419 468 513 545 569 593 
22 70 91 114 138 181 205 220 265 312 355 381 396 420 469 514 546 570 594 
23 71 92 115 139 182 206 221 266 289 356 382 397 421 470 515 547 571 595 
24 72 93 116 140 183 207 222 267 290 357 383 398 422 471 516 548 572 596 
1 49 94 117 141 184 208 223 268 291 358 384 399 423 472 517 549 573 597 
2 50 95 118 142 185 209 224 269 292 359 361 400 424 473 518 550 574 598 
3 51 96 119 143 186 210 225 270 293 360 362 401 425 474 519 551 575 599 
4 52 73 120 144 187 211 226 271 294 337 363 402 426 475 520 552 576 600 
14 35 65 117 137 162 172 209 232 250 321 353 366 420 433 470 494 577 601 
15 36 66 118 138 163 173 210 233 251 322 354 367 421 434 471 495 578 602 
16 37 67 119 139 164 174 211 234 252 323 355 368 422 435 472 496 579 603 
17 38 68 120 140 165 175 212 235 253 324 356 369 423 436 473 497 580 604 
18 39 69 97 141 166 176 213 236 254 325 357 370 424 437 474 498 581 605 
19 40 70 98 142 167 177 214 237 255 326 358 371 425 438 475 499 582 606 
20 41 71 99 143 168 178 215 238 256 327 359 372 426 439 476 500 583 607 
21 42 72 100 144 145 179 216 239 257 328 360 373 427 440 477 501 584 608 
22 43 49 101 121 146 180 193 240 258 329 337 374 428 441 478 502 585 609 
23 44 50 102 122 147 181 194 217 259 330 338 375 429 442 479 503 586 610 
24 45 51 103 123 148 182 195 218 260 331 339 376 430 443 480 504 587 611 
1 46 52 104 124 149 183 196 219 261 332 340 377 431 444 457 481 588 612 
2 47 53 105 125 150 184 197 220 262 333 341 378 432 445 458 482 589 613 
3 48 54 106 126 151 185 198 221 263 334 342 379 409 446 459 483 590 614 
4 25 55 107 127 152 186 199 222 264 335 343 380 410 447 460 484 591 615 
5 26 56 108 128 153 187 200 223 241 336 344 381 411 448 461 485 592 616 
6 27 57 109 129 154 188 201 224 242 313 345 382 412 449 462 486 593 617 
7 28 58 110 130 155 189 202 225 243 314 346 383 413 450 463 487 594 618 
8 29 59 111 131 156 190 203 226 244 315 347 384 414 451 464 488 595 619 
9 30 60 112 132 157 191 204 227 245 316 348 361 415 452 465 489 596 620 
10 31 61 113 133 158 192 205 228 246 317 349 362 416 453 466 490 597 621 
11 32 62 114 134 159 169 206 229 247 318 350 363 417 454 467 491 598 622 
12 33 63 115 135 160 170 207 230 248 319 351 364 418 455 468 492 599 623 
13 34 64 116 136 161 171 208 231 249 320 352 365 419 456 469 493 600 624 
13 40 73 108 152 178 201 253 282 304 318 357 401 421 440 496 526 530 601 
14 41 74 109 153 179 202 254 283 305 319 358 402 422 441 497 527 531 602 
15 42 75 110 154 180 203 255 284 306 320 359 403 423 442 498 528 532 603 
16 43 76 111 155 181 204 256 285 307 321 360 404 424 443 499 505 533 604 
17 44 77 112 156 182 205 257 286 308 322 337 405 425 444 500 506 534 605 
18 45 78 113 157 183 206 258 287 309 323 338 406 426 445 501 507 535 606 
19 46 79 114 158 184 207 259 288 310 324 339 407 427 446 502 508 536 607 
20 47 80 115 159 185 208 260 265 311 325 340 408 428 447 503 509 537 608 
21 48 81 116 160 186 209 261 266 312 326 341 385 429 448 504 510 538 609 
22 25 82 117 161 187 210 262 267 289 327 342 386 430 449 481 511 539 610 
23 26 83 118 162 188 211 263 268 290 328 343 387 431 450 482 512 540 611 
24 27 84 119 163 189 212 264 269 291 329 344 388 432 451 483 513 541 612 
1 28 85 120 164 190 213 241 270 292 330 345 389 409 452 484 514 542 613 
2 29 86 97 165 191 214 242 271 293 331 346 390 410 453 485 515 543 614 
3 30 87 98 166 192 215 243 272 294 332 347 391 411 454 486 516 544 615 
4 31 88 99 167 169 216 244 273 295 333 348 392 412 455 487 517 545 616 
5 32 89 100 168 170 193 245 274 296 334 349 393 413 456 488 518 546 617 
6 33 90 101 145 171 194 246 275 297 335 350 394 414 433 489 519 547 618 
7 34 91 102 146 172 195 247 276 298 336 351 395 415 434 490 520 548 619 
8 35 92 103 147 173 196 248 277 299 313 352 396 416 435 491 521 549 620 
9 36 93 104 148 174 197 249 278 300 314 353 397 417 436 492 522 550 621 
10 37 94 105 149 175 198 250 279 301 315 354 398 418 437 493 523 551 622 
11 38 95 106 150 176 199 251 280 302 316 355 399 419 438 494 524 552 623 
12 39 96 107 151 177 200 252 281 303 317 356 400 420 439 495 525 529 624 
21 38 625 
22 39 626 
23 40 627 
24 41 628 
1 42 629 
2 43 630 
3 44 631 
4 45 632 
5 46 633 
6 47 634 
7 48 635 
8 25 636 
9 26 637 
10 27 638 
11 28 639 
12 29 640 
13 30 641 
14 31 642 
15 32 643 
16 33 644 
17 34 645 
18 35 646 
19 36 647 
20 37 648 
4 39 92 311 386 508 542 649 
5 40 93 312 387 509 543 650 
6 41 94 289 388 510 544 651 
7 42 95 290 389 511 545 652 
8 43 96 291 390 512 546 653 
9 44 73 292 391 513 547 654 
10 45 74 293 392 514 548 655 
11 46 75 294 393 515 549 656 
12 47 76 295 394 516 550 657 
13 48 77 296 395 517 551 658 
14 25 78 297 396 518 552 659 
15 26 79 298 397 519 529 660 
16 27 80 299 398 520 530 661 
17 28 81 300 399 521 531 662 
18 29 82 301 400 522 532 663 
19 30 83 302 401 523 533 664 
20 31 84 303 402 524 534 665 
21 32 85 304 403 525 535 666 
22 33 86 305 404 526 536 667 
23 34 87 306 405 527 537 668 
24 35 88 307 406 528 538 669 
1 36 89 308 407 505 539 670 
2 37 90 309 408 506 540 671 
3 38 91 310 385 507 541 672 
15 162 242 280 333 422 451 490 673 
16 163 243 281 334 423 452 491 674 
17 164 244 282 335 424 453 492 675 
18 165 245 283 336 425 454 493 676 
19 166 246 284 313 426 455 494 677 
20 167 247 285 314 427 456 495 678 
21 168 248 286 315 428 433 496 679 
22 145 249 287 316 429 434 497 680 
23 146 250 288 317 430 435 498 681 
24 147 251 265 318 431 436 499 682 
1 148 252 266 319 432 437 500 683 
2 149 253 267 320 409 438 501 684 
3 150 254 268 321 410 439 502 685 
4 151 255 269 322 411 440 503 686 
5 152 256 270 323 412 441 504 687 
6 153 257 271 324 413 442 481 688 
7 154 258 272 325 414 443 482 689 
8 155 259 273 326 415 444 483 690 
9 156 260 274 327 416 445 484 691 
10 157 261 275 328 417 446 485 692 
11 158 262 276 329 418 447 486 693 
12 159 263 277 330 419 448 487 694 
13 160 264 278 331 420 449 488 695 
14 161 241 279 332 421 450 489 696 
10 39 101 190 195 355 697 
11 40 102 191 196 356 698 
12 41 103 192 197 357 699 
13 42 104 169 198 358 700 
14 43 105 170 199 359 701 
15 44 106 171 200 360 702 
16 45 107 172 201 337 703 
17 46 108 173 202 338 704 
18 47 109 174 203 339 705 
19 48 110 175 204 340 706 
20 25 111 176 205 341 707 
21 26 112 177 206 342 708 
22 27 113 178 207 343 709 
23 28 114 179 208 344 710 
24 29 115 180 209 345 711 
1 30 116 181 210 346 712 
2 31 117 182 211 347 713 
3 32 118 183 212 348 714 
4 33 119 184 213 349 715 
5 34 120 185 214 350 716 
6 35 97 186 215 351 717 
7 36 98 187 216 352 718 
8 37 99 188 193 353 719 
9 38 100 189 194 354 720 
20 36 94 307 400 465 513 548 579 721 
21 37 95 308 401 466 514 549 580 722 
22 38 96 309 402 467 515 550 581 723 
23 39 73 310 403 468 516 551 582 724 
24 40 74 311 404 469 517 552 583 725 
1 41 75 312 405 470 518 529 584 726 
2 42 76 289 406 471 519 530 585 727 
3 43 77 290 407 472 520 531 586 728 
4 44 78 291 408 473 521 532 587 729 
5 45 79 292 385 474 522 533 588 730 
6 46 80 293 386 475 523 534 589 731 
7 47 81 294 387 476 524 535 590 732 
8 48 82 295 388 477 525 536 591 733 
9 25 83 296 389 478 526 537 592 734 
10 26 84 297 390 479 527 538 593 735 
11 27 85 298 391 480 528 539 594 736 
12 28 86 299 392 457 505 540 595 737 
13 29 87 300 393 458 506 541 596 738 
14 30 88 301 394 459 507 542 597 739 
15 31 89 302 395 460 508 543 598 740 
16 32 90 303 396 461 509 544 599 741 
17 33 91 304 397 462 510 545 600 742 
18 34 92 305 398 463 511 546 577 743 
19 35 93 306 399 464 512 547 578 744 
7 41 250 278 322 424 448 491 745 
8 42 251 279 323 425 449 492 746 
9 43 252 280 324 426 450 493 747 
10 44 253 281 325 427 451 494 748 
11 45 254 282 326 428 452 495 749 
12 46 255 283 327 429 453 496 750 
13 47 256 284 328 430 454 497 751 
14 48 257 285 329 431 455 498 752 
15 25 258 286 330 432 456 499 753 
16 26 259 287 331 409 433 500 754 
17 27 260 288 332 410 434 501 755 
18 28 261 265 333 411 435 502 756 
19 29 262 266 334 412 436 503 757 
20 30 263 267 335 413 437 504 758 
21 31 264 268 336 414 438 481 759 
22 32 241 269 313 415 439 482 760 
23 33 242 270 314 416 440 483 761 
24 34 243 271 315 417 441 484 762 
1 35 244 272 316 418 442 485 763 
2 36 245 273 317 419 443 486 764 
3 37 246 274 318 420 444 487 765 
4 38 247 275 319 421 445 488 766 
5 39 248 276 320 422 446 489 767 
6 40 249 277 321 423 447 490 768 
30 52 107 184 216 355 769 
31 53 108 185 193 356 770 
32 54 109 186 194 357 771 
33 55 110 187 195 358 772 
34 56 111 188 196 359 773 
35 57 112 189 197 360 774 
36 58 113 190 198 337 775 
37 59 114 191 199 338 776 
38 60 115 192 200 339 777 
39 61 116 169 201 340 778 
40 62 117 170 202 341 779 
41 63 118 171 203 342 780 
42 64 119 172 204 343 781 
43 65 120 173 205 344 782 
44 66 97 174 206 345 783 
45 67 98 175 207 346 784 
46 68 99 176 208 347 785 
47 69 100 177 209 348 786 
48 70 101 178 210 349 787 
25 71 102 179 211 350 788 
26 72 103 180 212 351 789 
27 49 104 181 213 352 790 
28 50 105 182 214 353 791 
29 51 106 183 215 354 792 
1 31 297 408 525 551 572 793 
2 32 298 385 526 552 573 794 
3 33 299 386 527 529 574 795 
4 34 300 387 528 530 575 796 
5 35 301 388 505 531 576 797 
6 36 302 389 506 532 553 798 
7 37 303 390 507 533 554 799 
8 38 304 391 508 534 555 800 
9 39 305 392 509 535 556 801 
10 40 306 393 510 536 557 802 
11 41 307 394 511 537 558 803 
12 42 308 395 512 538 559 804 
13 43 309 396 513 539 560 805 
14 44 310 397 514 540 561 806 
15 45 311 398 515 541 562 807 
16 46 312 399 516 542 563 808 
17 47 289 400 517 543 564 809 
18 48 290 401 518 544 565 810 
19 25 291 402 519 545 566 811 
20 26 292 403 520 546 567 812 
21 27 293 404 521 547 568 813 
22 28 294 405 522 548 569 814 
23 29 295 406 523 549 570 815 
24 30 296 407 524 550 571 816 
6 43 247 281 315 435 817 
7 44 248 282 316 436 818 
8 45 249 283 317 437 819 
9 46 250 284 318 438 820 
10 47 251 285 319 439 821 
11 48 252 286 320 440 822 
12 25 253 287 321 441 823 
13 26 254 288 322 442 824 
14 27 255 265 323 443 825 
15 28 256 266 324 444 826 
16 29 257 267 325 445 827 
17 30 258 268 326 446 828 
18 31 259 269 327 447 829 
19 32 260 270 328 448 830 
20 33 261 271 329 449 831 
21 34 262 272 330 450 832 
22 35 263 273 331 451 833 
23 36 264 274 332 452 834 
24 37 241 275 333 453 835 
1 38 242 276 334 454 836 
2 39 243 277 335 455 837 
3 40 244 278 336 456 838 
4 41 245 279 313 433 839 
5 42 246 280 314 434 840 
2 82 171 500 563 841 
3 83 172 501 564 842 
4 84 173 502 565 843 
5 85 174 503 566 844 
6 86 175 504 567 845 
7 87 176 481 568 846 
8 88 177 482 569 847 
9 89 178 483 570 848 
10 90 179 484 571 849 
11 91 180 485 572 850 
12 92 181 486 573 851 
13 93 182 487 574 852 
14 94 183 488 575 853 
15 95 184 489 576 854 
16 96 185 490 553 855 
17 73 186 491 554 856 
18 74 187 492 555 857 
19 75 188 493 556 858 
20 76 189 494 557 859 
21 77 190 495 558 860 
22 78 191 496 559 861 
23 79 192 497 560 862 
24 80 169 498 561 863 
1 81 170 499 562 864 
23 297 378 402 420 517 865 
24 298 379 403 421 518 866 
1 299 380 404 422 519 867 
2 300 381 405 423 520 868 
3 301 382 406 424 521 869 
4 302 383 407 425 522 870 
5 303 384 408 426 523 871 
6 304 361 385 427 524 872 
7 305 362 386 428 525 873 
8 306 363 387 429 526 874 
9 307 364 388 430 527 875 
10 308 365 389 431 528 876 
11 309 366 390 432 505 877 
12 310 367 391 409 506 878 
13 311 368 392 410 507 879 
14 312 369 393 411 508 880 
15 289 370 394 412 509 881 
16 290 371 395 413 510 882 
17 291 372 396 414 511 883 
18 292 373 397 415 512 884 
19 293 374 398 416 513 885 
20 294 375 399 417 514 886 
21 295 376 400 418 515 887 
22 296 377 401 419 516 888 
2 27 259 319 440 606 889 
3 28 260 320 441 607 890 
4 29 261 321 442 608 891 
5 30 262 322 443 609 892 
6 31 263 323 444 610 893 
7 32 264 324 445 611 894 
8 33 241 325 446 612 895 
9 34 242 326 447 613 896 
10 35 243 327 448 614 897 
11 36 244 328 449 615 898 
12 37 245 329 450 616 899 
13 38 246 330 451 617 900 
14 39 247 331 452 618 901 
15 40 248 332 453 619 902 
16 41 249 333 454 620 903 
17 42 250 334 455 621 904 
18 43 251 335 456 622 905 
19 44 252 336 433 623 906 
20 45 253 313 434 624 907 
21 46 254 314 435 601 908 
22 47 255 315 436 602 909 
23 48 256 316 437 603 910 
24 25 257 317 438 604 911 
1 26 258 318 439 605 912 
38 75 274 482 538 913 
39 76 275 483 539 914 
40 77 276 484 540 915 
41 78 277 485 541 916 
42 79 278 486 542 917 
43 80 279 487 543 918 
44 81 280 488 544 919 
45 82 281 489 545 920 
46 83 282 490 546 921 
47 84 283 491 547 922 
48 85 284 492 548 923 
25 86 285 493 549 924 
26 87 286 494 550 925 
27 88 287 495 551 926 
28 89 288 496 552 927 
29 90 265 497 529 928 
30 91 266 498 530 929 
31 92 267 499 531 930 
32 93 268 500 532 931 
33 94 269 501 533 932 
34 95 270 502 534 933 
35 96 271 503 535 934 
36 73 272 504 536 935 
37 74 273 481 537 936 
21 352 394 431 520 937 
22 353 395 432 521 938 
23 354 396 409 522 939 
24 355 397 410 523 940 
1 356 398 411 524 941 
2 357 399 412 525 942 
3 358 400 413 526 943 
4 359 401 414 527 944 
5 360 402 415 528 945 
6 337 403 416 505 946 
7 338 404 417 506 947 
8 339 405 418 507 948 
9 340 406 419 508 949 
10 341 407 420 509 950 
11 342 408 421 510 951 
12 343 385 422 511 952 
13 344 386 423 512 953 
14 345 387 424 513 954 
15 346 388 425 514 955 
16 347 389 426 515 956 
17 348 390 427 516 957 
18 349 391 428 517 958 
19 350 392 429 518 959 
20 351 393 430 519 960 
35 308 329 445 461 961 
36 309 330 446 462 962 
37 310 331 447 463 963 
38 311 332 448 464 964 
39 312 333 449 465 965 
40 289 334 450 466 966 
41 290 335 451 467 967 
42 291 336 452 468 968 
43 292 313 453 469 969 
44 293 314 454 470 970 
45 294 315 455 471 971 
46 295 316 456 472 972 
47 296 317 433 473 973 
48 297 318 434 474 974 
25 298 319 435 475 975 
26 299 320 436 476 976 
27 300 321 437 477 977 
28 301 322 438 478 978 
29 302 323 439 479 979 
30 303 324 440 480 980 
31 304 325 441 457 981 
32 305 326 442 458 982 
33 306 327 443 459 983 
34 307 328 444 460 984 
2 46 177 195 246 985 
3 47 178 196 247 986 
4 48 179 197 248 987 
5 25 180 198 249 988 
6 26 181 199 250 989 
7 27 182 200 251 990 
8 28 183 201 252 991 
9 29 184 202 253 992 
10 30 185 203 254 993 
11 31 186 204 255 994 
12 32 187 205 256 995 
13 33 188 206 257 996 
14 34 189 207 258 997 
15 35 190 208 259 998 
16 36 191 209 260 999 
17 37 192 210 261 1000 
18 38 169 211 262 1001 
19 39 170 212 263 1002 
20 40 171 213 264 1003 
21 41 172 214 241 1004 
22 42 173 215 242 1005 
23 43 174 216 243 1006 
24 44 175 193 244 1007 
1 45 176 194 245 1008 
20 87 217 270 540 1009 
21 88 218 271 541 1010 
22 89 219 272 542 1011 
23 90 220 273 543 1012 
24 91 221 274 544 1013 
1 92 222 275 545 1014 
2 93 223 276 546 1015 
3 94 224 277 547 1016 
4 95 225 278 548 1017 
5 96 226 279 549 1018 
6 73 227 280 550 1019 
7 74 228 281 551 1020 
8 75 229 282 552 1021 
9 76 230 283 529 1022 
10 77 231 284 530 1023 
11 78 232 285 531 1024 
12 79 233 286 532 1025 
13 80 234 287 533 1026 
14 81 235 288 534 1027 
15 82 236 265 535 1028 
16 83 237 266 536 1029 
17 84 238 267 537 1030 
18 85 239 268 538 1031 
19 86 240 269 539 1032 
38 127 401 502 506 1033 
39 128 402 503 507 1034 
40 129 403 504 508 1035 
41 130 404 481 509 1036 
42 131 405 482 510 1037 
43 132 406 483 511 1038 
44 133 407 484 512 1039 
45 134 408 485 513 1040 
46 135 385 486 514 1041 
47 136 386 487 515 1042 
48 137 387 488 516 1043 
25 138 388 489 517 1044 
26 139 389 490 518 1045 
27 140 390 491 519 1046 
28 141 391 492 520 1047 
29 142 392 493 521 1048 
30 143 393 494 522 1049 
31 144 394 495 523 1050 
32 121 395 496 524 1051 
33 122 396 497 525 1052 
34 123 397 498 526 1053 
35 124 398 499 527 1054 
36 125 399 500 528 1055 
37 126 400 501 505 1056 
7 300 330 431 1057 
8 301 331 432 1058 
9 302 332 409 1059 
10 303 333 410 1060 
11 304 334 411 1061 
12 305 335 412 1062 
13 306 336 413 1063 
14 307 313 414 1064 
15 308 314 415 1065 
16 309 315 416 1066 
17 310 316 417 1067 
18 311 317 418 1068 
19 312 318 419 1069 
20 289 319 420 1070 
21 290 320 421 1071 
22 291 321 422 1072 
23 292 322 423 1073 
24 293 323 424 1074 
1 294 324 425 1075 
2 295 325 426 1076 
3 296 326 427 1077 
4 297 327 428 1078 
5 298 328 429 1079 
6 299 329 430 1080 
25 66 254 436 1081 
26 67 255 437 1082 
27 68 256 438 1083 
28 69 257 439 1084 
29 70 258 440 1085 
30 71 259 441 1086 
31 72 260 442 1087 
32 49 261 443 1088 
33 50 262 444 1089 
34 51 263 445 1090 
35 52 264 446 1091 
36 53 241 447 1092 
37 54 242 448 1093 
38 55 243 449 1094 
39 56 244 450 1095 
40 57 245 451 1096 
41 58 246 452 1097 
42 59 247 453 1098 
43 60 248 454 1099 
44 61 249 455 1100 
45 62 250 456 1101 
46 63 251 433 1102 
47 64 252 434 1103 
48 65 253 435 1104 

Code Parameters:
Number_Of_Bits_Transmitted_To_Channel:     1056
Information_Bit_Length:                    528
N:                                         1104
M:                                         576
Z:                                         24
R:                                         0.500000
