896 192
6 19
6 6 6 6 6 6 6 6 6 6 6 6 6 6 6 6 6 6 6 6 6 6 6 6 6 6 6 6 6 6 6 6 5 5 5 5 5 5 5 5 5 5 5 5 5 5 5 5 5 5 5 5 5 5 5 5 5 5 5 5 5 5 5 5 3 3 3 3 3 3 3 3 3 3 3 3 3 3 3 3 3 3 3 3 3 3 3 3 3 3 3 3 3 3 3 3 4 4 4 4 4 4 4 4 4 4 4 4 4 4 4 4 4 4 4 4 4 4 4 4 4 4 4 4 4 4 4 4 3 3 3 3 3 3 3 3 3 3 3 3 3 3 3 3 3 3 3 3 3 3 3 3 3 3 3 3 3 3 3 3 3 3 3 3 3 3 3 3 3 3 3 3 3 3 3 3 3 3 3 3 3 3 3 3 3 3 3 3 3 3 3 3 3 3 3 3 3 3 3 3 3 3 3 3 3 3 3 3 3 3 3 3 3 3 3 3 3 3 3 3 3 3 3 3 3 3 3 3 3 3 3 3 3 3 3 3 3 3 3 3 3 3 3 3 3 3 3 3 3 3 3 3 3 3 3 3 3 3 3 3 3 3 3 3 3 3 3 3 3 3 3 3 3 3 3 3 3 3 3 3 3 3 3 3 3 3 3 3 3 3 3 3 3 3 3 3 3 3 3 3 3 3 3 3 3 3 3 3 3 3 3 3 3 3 3 3 3 3 3 3 3 3 3 3 3 3 3 3 3 3 3 3 3 3 3 3 3 3 3 3 3 3 3 3 3 3 3 3 3 3 3 3 3 3 3 3 3 3 3 3 3 3 3 3 3 3 3 3 3 3 3 3 3 3 3 3 3 3 3 3 3 3 3 3 4 4 4 4 4 4 4 4 4 4 4 4 4 4 4 4 4 4 4 4 4 4 4 4 4 4 4 4 4 4 4 4 3 3 3 3 3 3 3 3 3 3 3 3 3 3 3 3 3 3 3 3 3 3 3 3 3 3 3 3 3 3 3 3 3 3 3 3 3 3 3 3 3 3 3 3 3 3 3 3 3 3 3 3 3 3 3 3 3 3 3 3 3 3 3 3 3 3 3 3 3 3 3 3 3 3 3 3 3 3 3 3 3 3 3 3 3 3 3 3 3 3 3 3 3 3 3 3 4 4 4 4 4 4 4 4 4 4 4 4 4 4 4 4 4 4 4 4 4 4 4 4 4 4 4 4 4 4 4 4 3 3 3 3 3 3 3 3 3 3 3 3 3 3 3 3 3 3 3 3 3 3 3 3 3 3 3 3 3 3 3 3 3 3 3 3 3 3 3 3 3 3 3 3 3 3 3 3 3 3 3 3 3 3 3 3 3 3 3 3 3 3 3 3 3 3 3 3 3 3 3 3 3 3 3 3 3 3 3 3 3 3 3 3 3 3 3 3 3 3 3 3 3 3 3 3 3 3 3 3 3 3 3 3 3 3 3 3 3 3 3 3 3 3 3 3 3 3 3 3 3 3 3 3 3 3 3 3 4 4 4 4 4 4 4 4 4 4 4 4 4 4 4 4 4 4 4 4 4 4 4 4 4 4 4 4 4 4 4 4 4 4 4 4 4 4 4 4 4 4 4 4 4 4 4 4 4 4 4 4 4 4 4 4 4 4 4 4 4 4 4 4 2 2 2 2 2 2 2 2 2 2 2 2 2 2 2 2 2 2 2 2 2 2 2 2 2 2 2 2 2 2 2 2 2 2 2 2 2 2 2 2 2 2 2 2 2 2 2 2 2 2 2 2 2 2 2 2 2 2 2 2 2 2 2 2 2 2 2 2 2 2 2 2 2 2 2 2 2 2 2 2 2 2 2 2 2 2 2 2 2 2 2 2 2 2 2 2 1 1 1 1 1 1 1 1 1 1 1 1 1 1 1 1 1 1 1 1 1 1 1 1 1 1 1 1 1 1 1 1 1 1 1 1 1 1 1 1 1 1 1 1 1 1 1 1 1 1 1 1 1 1 1 1 1 1 1 1 1 1 1 1 
19 19 19 19 19 19 19 19 19 19 19 19 19 19 19 19 19 19 19 19 19 19 19 19 19 19 19 19 19 19 19 19 19 19 19 19 19 19 19 19 19 19 19 19 19 19 19 19 19 19 19 19 19 19 19 19 19 19 19 19 19 19 19 19 19 19 19 19 19 19 19 19 19 19 19 19 19 19 19 19 19 19 19 19 19 19 19 19 19 19 19 19 19 19 19 19 19 19 19 19 19 19 19 19 19 19 19 19 19 19 19 19 19 19 19 19 19 19 19 19 19 19 19 19 19 19 19 19 3 3 3 3 3 3 3 3 3 3 3 3 3 3 3 3 3 3 3 3 3 3 3 3 3 3 3 3 3 3 3 3 8 8 8 8 8 8 8 8 8 8 8 8 8 8 8 8 8 8 8 8 8 8 8 8 8 8 8 8 8 8 8 8 
7 63 87 104 132 180 
8 64 88 105 133 181 
9 33 89 106 134 182 
10 34 90 107 135 183 
11 35 91 108 136 184 
12 36 92 109 137 185 
13 37 93 110 138 186 
14 38 94 111 139 187 
15 39 95 112 140 188 
16 40 96 113 141 189 
17 41 65 114 142 190 
18 42 66 115 143 191 
19 43 67 116 144 192 
20 44 68 117 145 161 
21 45 69 118 146 162 
22 46 70 119 147 163 
23 47 71 120 148 164 
24 48 72 121 149 165 
25 49 73 122 150 166 
26 50 74 123 151 167 
27 51 75 124 152 168 
28 52 76 125 153 169 
29 53 77 126 154 170 
30 54 78 127 155 171 
31 55 79 128 156 172 
32 56 80 97 157 173 
1 57 81 98 158 174 
2 58 82 99 159 175 
3 59 83 100 160 176 
4 60 84 101 129 177 
5 61 85 102 130 178 
6 62 86 103 131 179 
28 82 104 155 181 
29 83 105 156 182 
30 84 106 157 183 
31 85 107 158 184 
32 86 108 159 185 
1 87 109 160 186 
2 88 110 129 187 
3 89 111 130 188 
4 90 112 131 189 
5 91 113 132 190 
6 92 114 133 191 
7 93 115 134 192 
8 94 116 135 161 
9 95 117 136 162 
10 96 118 137 163 
11 65 119 138 164 
12 66 120 139 165 
13 67 121 140 166 
14 68 122 141 167 
15 69 123 142 168 
16 70 124 143 169 
17 71 125 144 170 
18 72 126 145 171 
19 73 127 146 172 
20 74 128 147 173 
21 75 97 148 174 
22 76 98 149 175 
23 77 99 150 176 
24 78 100 151 177 
25 79 101 152 178 
26 80 102 153 179 
27 81 103 154 180 
31 50 72 
32 51 73 
1 52 74 
2 53 75 
3 54 76 
4 55 77 
5 56 78 
6 57 79 
7 58 80 
8 59 81 
9 60 82 
10 61 83 
11 62 84 
12 63 85 
13 64 86 
14 33 87 
15 34 88 
16 35 89 
17 36 90 
18 37 91 
19 38 92 
20 39 93 
21 40 94 
22 41 95 
23 42 96 
24 43 65 
25 44 66 
26 45 67 
27 46 68 
28 47 69 
29 48 70 
30 49 71 
2 44 109 191 
3 45 110 192 
4 46 111 161 
5 47 112 162 
6 48 113 163 
7 49 114 164 
8 50 115 165 
9 51 116 166 
10 52 117 167 
11 53 118 168 
12 54 119 169 
13 55 120 170 
14 56 121 171 
15 57 122 172 
16 58 123 173 
17 59 124 174 
18 60 125 175 
19 61 126 176 
20 62 127 177 
21 63 128 178 
22 64 97 179 
23 33 98 180 
24 34 99 181 
25 35 100 182 
26 36 101 183 
27 37 102 184 
28 38 103 185 
29 39 104 186 
30 40 105 187 
31 41 106 188 
32 42 107 189 
1 43 108 190 
37 66 109 
38 67 110 
39 68 111 
40 69 112 
41 70 113 
42 71 114 
43 72 115 
44 73 116 
45 74 117 
46 75 118 
47 76 119 
48 77 120 
49 78 121 
50 79 122 
51 80 123 
52 81 124 
53 82 125 
54 83 126 
55 84 127 
56 85 128 
57 86 97 
58 87 98 
59 88 99 
60 89 100 
61 90 101 
62 91 102 
63 92 103 
64 93 104 
33 94 105 
34 95 106 
35 96 107 
36 65 108 
29 58 76 
30 59 77 
31 60 78 
32 61 79 
1 62 80 
2 63 81 
3 64 82 
4 33 83 
5 34 84 
6 35 85 
7 36 86 
8 37 87 
9 38 88 
10 39 89 
11 40 90 
12 41 91 
13 42 92 
14 43 93 
15 44 94 
16 45 95 
17 46 96 
18 47 65 
19 48 66 
20 49 67 
21 50 68 
22 51 69 
23 52 70 
24 53 71 
25 54 72 
26 55 73 
27 56 74 
28 57 75 
23 68 107 
24 69 108 
25 70 109 
26 71 110 
27 72 111 
28 73 112 
29 74 113 
30 75 114 
31 76 115 
32 77 116 
1 78 117 
2 79 118 
3 80 119 
4 81 120 
5 82 121 
6 83 122 
7 84 123 
8 85 124 
9 86 125 
10 87 126 
11 88 127 
12 89 128 
13 90 97 
14 91 98 
15 92 99 
16 93 100 
17 94 101 
18 95 102 
19 96 103 
20 65 104 
21 66 105 
22 67 106 
35 92 126 
36 93 127 
37 94 128 
38 95 97 
39 96 98 
40 65 99 
41 66 100 
42 67 101 
43 68 102 
44 69 103 
45 70 104 
46 71 105 
47 72 106 
48 73 107 
49 74 108 
50 75 109 
51 76 110 
52 77 111 
53 78 112 
54 79 113 
55 80 114 
56 81 115 
57 82 116 
58 83 117 
59 84 118 
60 85 119 
61 86 120 
62 87 121 
63 88 122 
64 89 123 
33 90 124 
34 91 125 
57 80 110 
58 81 111 
59 82 112 
60 83 113 
61 84 114 
62 85 115 
63 86 116 
64 87 117 
33 88 118 
34 89 119 
35 90 120 
36 91 121 
37 92 122 
38 93 123 
39 94 124 
40 95 125 
41 96 126 
42 65 127 
43 66 128 
44 67 97 
45 68 98 
46 69 99 
47 70 100 
48 71 101 
49 72 102 
50 73 103 
51 74 104 
52 75 105 
53 76 106 
54 77 107 
55 78 108 
56 79 109 
6 52 66 
7 53 67 
8 54 68 
9 55 69 
10 56 70 
11 57 71 
12 58 72 
13 59 73 
14 60 74 
15 61 75 
16 62 76 
17 63 77 
18 64 78 
19 33 79 
20 34 80 
21 35 81 
22 36 82 
23 37 83 
24 38 84 
25 39 85 
26 40 86 
27 41 87 
28 42 88 
29 43 89 
30 44 90 
31 45 91 
32 46 92 
1 47 93 
2 48 94 
3 49 95 
4 50 96 
5 51 65 
28 90 121 
29 91 122 
30 92 123 
31 93 124 
32 94 125 
1 95 126 
2 96 127 
3 65 128 
4 66 97 
5 67 98 
6 68 99 
7 69 100 
8 70 101 
9 71 102 
10 72 103 
11 73 104 
12 74 105 
13 75 106 
14 76 107 
15 77 108 
16 78 109 
17 79 110 
18 80 111 
19 81 112 
20 82 113 
21 83 114 
22 84 115 
23 85 116 
24 86 117 
25 87 118 
26 88 119 
27 89 120 
19 37 107 
20 38 108 
21 39 109 
22 40 110 
23 41 111 
24 42 112 
25 43 113 
26 44 114 
27 45 115 
28 46 116 
29 47 117 
30 48 118 
31 49 119 
32 50 120 
1 51 121 
2 52 122 
3 53 123 
4 54 124 
5 55 125 
6 56 126 
7 57 127 
8 58 128 
9 59 97 
10 60 98 
11 61 99 
12 62 100 
13 63 101 
14 64 102 
15 33 103 
16 34 104 
17 35 105 
18 36 106 
2 59 107 186 
3 60 108 187 
4 61 109 188 
5 62 110 189 
6 63 111 190 
7 64 112 191 
8 33 113 192 
9 34 114 161 
10 35 115 162 
11 36 116 163 
12 37 117 164 
13 38 118 165 
14 39 119 166 
15 40 120 167 
16 41 121 168 
17 42 122 169 
18 43 123 170 
19 44 124 171 
20 45 125 172 
21 46 126 173 
22 47 127 174 
23 48 128 175 
24 49 97 176 
25 50 98 177 
26 51 99 178 
27 52 100 179 
28 53 101 180 
29 54 102 181 
30 55 103 182 
31 56 104 183 
32 57 105 184 
1 58 106 185 
24 83 102 
25 84 103 
26 85 104 
27 86 105 
28 87 106 
29 88 107 
30 89 108 
31 90 109 
32 91 110 
1 92 111 
2 93 112 
3 94 113 
4 95 114 
5 96 115 
6 65 116 
7 66 117 
8 67 118 
9 68 119 
10 69 120 
11 70 121 
12 71 122 
13 72 123 
14 73 124 
15 74 125 
16 75 126 
17 76 127 
18 77 128 
19 78 97 
20 79 98 
21 80 99 
22 81 100 
23 82 101 
52 96 110 
53 65 111 
54 66 112 
55 67 113 
56 68 114 
57 69 115 
58 70 116 
59 71 117 
60 72 118 
61 73 119 
62 74 120 
63 75 121 
64 76 122 
33 77 123 
34 78 124 
35 79 125 
36 80 126 
37 81 127 
38 82 128 
39 83 97 
40 84 98 
41 85 99 
42 86 100 
43 87 101 
44 88 102 
45 89 103 
46 90 104 
47 91 105 
48 92 106 
49 93 107 
50 94 108 
51 95 109 
30 61 96 
31 62 65 
32 63 66 
1 64 67 
2 33 68 
3 34 69 
4 35 70 
5 36 71 
6 37 72 
7 38 73 
8 39 74 
9 40 75 
10 41 76 
11 42 77 
12 43 78 
13 44 79 
14 45 80 
15 46 81 
16 47 82 
17 48 83 
18 49 84 
19 50 85 
20 51 86 
21 52 87 
22 53 88 
23 54 89 
24 55 90 
25 56 91 
26 57 92 
27 58 93 
28 59 94 
29 60 95 
10 51 113 165 
11 52 114 166 
12 53 115 167 
13 54 116 168 
14 55 117 169 
15 56 118 170 
16 57 119 171 
17 58 120 172 
18 59 121 173 
19 60 122 174 
20 61 123 175 
21 62 124 176 
22 63 125 177 
23 64 126 178 
24 33 127 179 
25 34 128 180 
26 35 97 181 
27 36 98 182 
28 37 99 183 
29 38 100 184 
30 39 101 185 
31 40 102 186 
32 41 103 187 
1 42 104 188 
2 43 105 189 
3 44 106 190 
4 45 107 191 
5 46 108 192 
6 47 109 161 
7 48 110 162 
8 49 111 163 
9 50 112 164 
38 76 117 
39 77 118 
40 78 119 
41 79 120 
42 80 121 
43 81 122 
44 82 123 
45 83 124 
46 84 125 
47 85 126 
48 86 127 
49 87 128 
50 88 97 
51 89 98 
52 90 99 
53 91 100 
54 92 101 
55 93 102 
56 94 103 
57 95 104 
58 96 105 
59 65 106 
60 66 107 
61 67 108 
62 68 109 
63 69 110 
64 70 111 
33 71 112 
34 72 113 
35 73 114 
36 74 115 
37 75 116 
3 84 109 
4 85 110 
5 86 111 
6 87 112 
7 88 113 
8 89 114 
9 90 115 
10 91 116 
11 92 117 
12 93 118 
13 94 119 
14 95 120 
15 96 121 
16 65 122 
17 66 123 
18 67 124 
19 68 125 
20 69 126 
21 70 127 
22 71 128 
23 72 97 
24 73 98 
25 74 99 
26 75 100 
27 76 101 
28 77 102 
29 78 103 
30 79 104 
31 80 105 
32 81 106 
1 82 107 
2 83 108 
30 34 70 
31 35 71 
32 36 72 
1 37 73 
2 38 74 
3 39 75 
4 40 76 
5 41 77 
6 42 78 
7 43 79 
8 44 80 
9 45 81 
10 46 82 
11 47 83 
12 48 84 
13 49 85 
14 50 86 
15 51 87 
16 52 88 
17 53 89 
18 54 90 
19 55 91 
20 56 92 
21 57 93 
22 58 94 
23 59 95 
24 60 96 
25 61 65 
26 62 66 
27 63 67 
28 64 68 
29 33 69 
18 76 113 
19 77 114 
20 78 115 
21 79 116 
22 80 117 
23 81 118 
24 82 119 
25 83 120 
26 84 121 
27 85 122 
28 86 123 
29 87 124 
30 88 125 
31 89 126 
32 90 127 
1 91 128 
2 92 97 
3 93 98 
4 94 99 
5 95 100 
6 96 101 
7 65 102 
8 66 103 
9 67 104 
10 68 105 
11 69 106 
12 70 107 
13 71 108 
14 72 109 
15 73 110 
16 74 111 
17 75 112 
2 37 117 166 
3 38 118 167 
4 39 119 168 
5 40 120 169 
6 41 121 170 
7 42 122 171 
8 43 123 172 
9 44 124 173 
10 45 125 174 
11 46 126 175 
12 47 127 176 
13 48 128 177 
14 49 97 178 
15 50 98 179 
16 51 99 180 
17 52 100 181 
18 53 101 182 
19 54 102 183 
20 55 103 184 
21 56 104 185 
22 57 105 186 
23 58 106 187 
24 59 107 188 
25 60 108 189 
26 61 109 190 
27 62 110 191 
28 63 111 192 
29 64 112 161 
30 33 113 162 
31 34 114 163 
32 35 115 164 
1 36 116 165 
32 33 128 174 
1 34 97 175 
2 35 98 176 
3 36 99 177 
4 37 100 178 
5 38 101 179 
6 39 102 180 
7 40 103 181 
8 41 104 182 
9 42 105 183 
10 43 106 184 
11 44 107 185 
12 45 108 186 
13 46 109 187 
14 47 110 188 
15 48 111 189 
16 49 112 190 
17 50 113 191 
18 51 114 192 
19 52 115 161 
20 53 116 162 
21 54 117 163 
22 55 118 164 
23 56 119 165 
24 57 120 166 
25 58 121 167 
26 59 122 168 
27 60 123 169 
28 61 124 170 
29 62 125 171 
30 63 126 172 
31 64 127 173 
1 33 
2 34 
3 35 
4 36 
5 37 
6 38 
7 39 
8 40 
9 41 
10 42 
11 43 
12 44 
13 45 
14 46 
15 47 
16 48 
17 49 
18 50 
19 51 
20 52 
21 53 
22 54 
23 55 
24 56 
25 57 
26 58 
27 59 
28 60 
29 61 
30 62 
31 63 
32 64 
33 65 
34 66 
35 67 
36 68 
37 69 
38 70 
39 71 
40 72 
41 73 
42 74 
43 75 
44 76 
45 77 
46 78 
47 79 
48 80 
49 81 
50 82 
51 83 
52 84 
53 85 
54 86 
55 87 
56 88 
57 89 
58 90 
59 91 
60 92 
61 93 
62 94 
63 95 
64 96 
65 97 
66 98 
67 99 
68 100 
69 101 
70 102 
71 103 
72 104 
73 105 
74 106 
75 107 
76 108 
77 109 
78 110 
79 111 
80 112 
81 113 
82 114 
83 115 
84 116 
85 117 
86 118 
87 119 
88 120 
89 121 
90 122 
91 123 
92 124 
93 125 
94 126 
95 127 
96 128 
129 
130 
131 
132 
133 
134 
135 
136 
137 
138 
139 
140 
141 
142 
143 
144 
145 
146 
147 
148 
149 
150 
151 
152 
153 
154 
155 
156 
157 
158 
159 
160 
161 
162 
163 
164 
165 
166 
167 
168 
169 
170 
171 
172 
173 
174 
175 
176 
177 
178 
179 
180 
181 
182 
183 
184 
185 
186 
187 
188 
189 
190 
191 
192 
27 38 67 128 165 203 316 326 367 416 426 484 536 607 612 656 704 706 737 
28 39 68 97 166 204 317 327 368 385 427 485 537 608 613 657 673 707 738 
29 40 69 98 167 205 318 328 369 386 428 486 538 577 614 658 674 708 739 
30 41 70 99 168 206 319 329 370 387 429 487 539 578 615 659 675 709 740 
31 42 71 100 169 207 320 330 371 388 430 488 540 579 616 660 676 710 741 
32 43 72 101 170 208 289 331 372 389 431 489 541 580 617 661 677 711 742 
1 44 73 102 171 209 290 332 373 390 432 490 542 581 618 662 678 712 743 
2 45 74 103 172 210 291 333 374 391 433 491 543 582 619 663 679 713 744 
3 46 75 104 173 211 292 334 375 392 434 492 544 583 620 664 680 714 745 
4 47 76 105 174 212 293 335 376 393 435 493 513 584 621 665 681 715 746 
5 48 77 106 175 213 294 336 377 394 436 494 514 585 622 666 682 716 747 
6 49 78 107 176 214 295 337 378 395 437 495 515 586 623 667 683 717 748 
7 50 79 108 177 215 296 338 379 396 438 496 516 587 624 668 684 718 749 
8 51 80 109 178 216 297 339 380 397 439 497 517 588 625 669 685 719 750 
9 52 81 110 179 217 298 340 381 398 440 498 518 589 626 670 686 720 751 
10 53 82 111 180 218 299 341 382 399 441 499 519 590 627 671 687 721 752 
11 54 83 112 181 219 300 342 383 400 442 500 520 591 628 672 688 722 753 
12 55 84 113 182 220 301 343 384 401 443 501 521 592 629 641 689 723 754 
13 56 85 114 183 221 302 344 353 402 444 502 522 593 630 642 690 724 755 
14 57 86 115 184 222 303 345 354 403 445 503 523 594 631 643 691 725 756 
15 58 87 116 185 223 304 346 355 404 446 504 524 595 632 644 692 726 757 
16 59 88 117 186 224 305 347 356 405 447 505 525 596 633 645 693 727 758 
17 60 89 118 187 193 306 348 357 406 448 506 526 597 634 646 694 728 759 
18 61 90 119 188 194 307 349 358 407 417 507 527 598 635 647 695 729 760 
19 62 91 120 189 195 308 350 359 408 418 508 528 599 636 648 696 730 761 
20 63 92 121 190 196 309 351 360 409 419 509 529 600 637 649 697 731 762 
21 64 93 122 191 197 310 352 361 410 420 510 530 601 638 650 698 732 763 
22 33 94 123 192 198 311 321 362 411 421 511 531 602 639 651 699 733 764 
23 34 95 124 161 199 312 322 363 412 422 512 532 603 640 652 700 734 765 
24 35 96 125 162 200 313 323 364 413 423 481 533 604 609 653 701 735 766 
25 36 65 126 163 201 314 324 365 414 424 482 534 605 610 654 702 736 767 
26 37 66 127 164 202 315 325 366 415 425 483 535 606 611 655 703 705 768 
3 80 118 157 168 255 265 302 381 391 462 485 527 572 640 701 705 737 769 
4 81 119 158 169 256 266 303 382 392 463 486 528 573 609 702 706 738 770 
5 82 120 159 170 225 267 304 383 393 464 487 529 574 610 703 707 739 771 
6 83 121 160 171 226 268 305 384 394 465 488 530 575 611 704 708 740 772 
7 84 122 129 172 227 269 306 353 395 466 489 531 576 612 673 709 741 773 
8 85 123 130 173 228 270 307 354 396 467 490 532 545 613 674 710 742 774 
9 86 124 131 174 229 271 308 355 397 468 491 533 546 614 675 711 743 775 
10 87 125 132 175 230 272 309 356 398 469 492 534 547 615 676 712 744 776 
11 88 126 133 176 231 273 310 357 399 470 493 535 548 616 677 713 745 777 
12 89 127 134 177 232 274 311 358 400 471 494 536 549 617 678 714 746 778 
13 90 128 135 178 233 275 312 359 401 472 495 537 550 618 679 715 747 779 
14 91 97 136 179 234 276 313 360 402 473 496 538 551 619 680 716 748 780 
15 92 98 137 180 235 277 314 361 403 474 497 539 552 620 681 717 749 781 
16 93 99 138 181 236 278 315 362 404 475 498 540 553 621 682 718 750 782 
17 94 100 139 182 237 279 316 363 405 476 499 541 554 622 683 719 751 783 
18 95 101 140 183 238 280 317 364 406 477 500 542 555 623 684 720 752 784 
19 96 102 141 184 239 281 318 365 407 478 501 543 556 624 685 721 753 785 
20 65 103 142 185 240 282 319 366 408 479 502 544 557 625 686 722 754 786 
21 66 104 143 186 241 283 320 367 409 480 503 513 558 626 687 723 755 787 
22 67 105 144 187 242 284 289 368 410 449 504 514 559 627 688 724 756 788 
23 68 106 145 188 243 285 290 369 411 450 505 515 560 628 689 725 757 789 
24 69 107 146 189 244 286 291 370 412 451 506 516 561 629 690 726 758 790 
25 70 108 147 190 245 287 292 371 413 452 507 517 562 630 691 727 759 791 
26 71 109 148 191 246 288 293 372 414 453 508 518 563 631 692 728 760 792 
27 72 110 149 192 247 257 294 373 415 454 509 519 564 632 693 729 761 793 
28 73 111 150 161 248 258 295 374 416 455 510 520 565 633 694 730 762 794 
29 74 112 151 162 249 259 296 375 385 456 511 521 566 634 695 731 763 795 
30 75 113 152 163 250 260 297 376 386 457 512 522 567 635 696 732 764 796 
31 76 114 153 164 251 261 298 377 387 458 481 523 568 636 697 733 765 797 
32 77 115 154 165 252 262 299 378 388 459 482 524 569 637 698 734 766 798 
1 78 116 155 166 253 263 300 379 389 460 483 525 570 638 699 735 767 799 
2 79 117 156 167 254 264 301 380 390 461 484 526 571 639 700 736 768 800 
11 48 90 160 182 222 230 274 320 328 431 450 482 566 590 636 662 769 801 
12 49 91 129 183 223 231 275 289 329 432 451 483 567 591 637 663 770 802 
13 50 92 130 184 224 232 276 290 330 433 452 484 568 592 638 664 771 803 
14 51 93 131 185 193 233 277 291 331 434 453 485 569 593 639 665 772 804 
15 52 94 132 186 194 234 278 292 332 435 454 486 570 594 640 666 773 805 
16 53 95 133 187 195 235 279 293 333 436 455 487 571 595 609 667 774 806 
17 54 96 134 188 196 236 280 294 334 437 456 488 572 596 610 668 775 807 
18 55 65 135 189 197 237 281 295 335 438 457 489 573 597 611 669 776 808 
19 56 66 136 190 198 238 282 296 336 439 458 490 574 598 612 670 777 809 
20 57 67 137 191 199 239 283 297 337 440 459 491 575 599 613 671 778 810 
21 58 68 138 192 200 240 284 298 338 441 460 492 576 600 614 672 779 811 
22 59 69 139 161 201 241 285 299 339 442 461 493 545 601 615 641 780 812 
23 60 70 140 162 202 242 286 300 340 443 462 494 546 602 616 642 781 813 
24 61 71 141 163 203 243 287 301 341 444 463 495 547 603 617 643 782 814 
25 62 72 142 164 204 244 288 302 342 445 464 496 548 604 618 644 783 815 
26 63 73 143 165 205 245 257 303 343 446 465 497 549 605 619 645 784 816 
27 64 74 144 166 206 246 258 304 344 447 466 498 550 606 620 646 785 817 
28 33 75 145 167 207 247 259 305 345 448 467 499 551 607 621 647 786 818 
29 34 76 146 168 208 248 260 306 346 417 468 500 552 608 622 648 787 819 
30 35 77 147 169 209 249 261 307 347 418 469 501 553 577 623 649 788 820 
31 36 78 148 170 210 250 262 308 348 419 470 502 554 578 624 650 789 821 
32 37 79 149 171 211 251 263 309 349 420 471 503 555 579 625 651 790 822 
1 38 80 150 172 212 252 264 310 350 421 472 504 556 580 626 652 791 823 
2 39 81 151 173 213 253 265 311 351 422 473 505 557 581 627 653 792 824 
3 40 82 152 174 214 254 266 312 352 423 474 506 558 582 628 654 793 825 
4 41 83 153 175 215 255 267 313 321 424 475 507 559 583 629 655 794 826 
5 42 84 154 176 216 256 268 314 322 425 476 508 560 584 630 656 795 827 
6 43 85 155 177 217 225 269 315 323 426 477 509 561 585 631 657 796 828 
7 44 86 156 178 218 226 270 316 324 427 478 510 562 586 632 658 797 829 
8 45 87 157 179 219 227 271 317 325 428 479 511 563 587 633 659 798 830 
9 46 88 158 180 220 228 272 318 326 429 480 512 564 588 634 660 799 831 
10 47 89 159 181 221 229 273 319 327 430 449 481 565 589 635 661 800 832 
26 58 117 149 215 228 276 329 375 407 444 468 529 557 597 657 685 706 801 
27 59 118 150 216 229 277 330 376 408 445 469 530 558 598 658 686 707 802 
28 60 119 151 217 230 278 331 377 409 446 470 531 559 599 659 687 708 803 
29 61 120 152 218 231 279 332 378 410 447 471 532 560 600 660 688 709 804 
30 62 121 153 219 232 280 333 379 411 448 472 533 561 601 661 689 710 805 
31 63 122 154 220 233 281 334 380 412 417 473 534 562 602 662 690 711 806 
32 64 123 155 221 234 282 335 381 413 418 474 535 563 603 663 691 712 807 
1 33 124 156 222 235 283 336 382 414 419 475 536 564 604 664 692 713 808 
2 34 125 157 223 236 284 337 383 415 420 476 537 565 605 665 693 714 809 
3 35 126 158 224 237 285 338 384 416 421 477 538 566 606 666 694 715 810 
4 36 127 159 193 238 286 339 353 385 422 478 539 567 607 667 695 716 811 
5 37 128 160 194 239 287 340 354 386 423 479 540 568 608 668 696 717 812 
6 38 97 129 195 240 288 341 355 387 424 480 541 569 577 669 697 718 813 
7 39 98 130 196 241 257 342 356 388 425 449 542 570 578 670 698 719 814 
8 40 99 131 197 242 258 343 357 389 426 450 543 571 579 671 699 720 815 
9 41 100 132 198 243 259 344 358 390 427 451 544 572 580 672 700 721 816 
10 42 101 133 199 244 260 345 359 391 428 452 513 573 581 641 701 722 817 
11 43 102 134 200 245 261 346 360 392 429 453 514 574 582 642 702 723 818 
12 44 103 135 201 246 262 347 361 393 430 454 515 575 583 643 703 724 819 
13 45 104 136 202 247 263 348 362 394 431 455 516 576 584 644 704 725 820 
14 46 105 137 203 248 264 349 363 395 432 456 517 545 585 645 673 726 821 
15 47 106 138 204 249 265 350 364 396 433 457 518 546 586 646 674 727 822 
16 48 107 139 205 250 266 351 365 397 434 458 519 547 587 647 675 728 823 
17 49 108 140 206 251 267 352 366 398 435 459 520 548 588 648 676 729 824 
18 50 109 141 207 252 268 321 367 399 436 460 521 549 589 649 677 730 825 
19 51 110 142 208 253 269 322 368 400 437 461 522 550 590 650 678 731 826 
20 52 111 143 209 254 270 323 369 401 438 462 523 551 591 651 679 732 827 
21 53 112 144 210 255 271 324 370 402 439 463 524 552 592 652 680 733 828 
22 54 113 145 211 256 272 325 371 403 440 464 525 553 593 653 681 734 829 
23 55 114 146 212 225 273 326 372 404 441 465 526 554 594 654 682 735 830 
24 56 115 147 213 226 274 327 373 405 442 466 527 555 595 655 683 736 831 
25 57 116 148 214 227 275 328 374 406 443 467 528 556 596 656 684 705 832 
30 39 833 
31 40 834 
32 41 835 
1 42 836 
2 43 837 
3 44 838 
4 45 839 
5 46 840 
6 47 841 
7 48 842 
8 49 843 
9 50 844 
10 51 845 
11 52 846 
12 53 847 
13 54 848 
14 55 849 
15 56 850 
16 57 851 
17 58 852 
18 59 853 
19 60 854 
20 61 855 
21 62 856 
22 63 857 
23 64 858 
24 33 859 
25 34 860 
26 35 861 
27 36 862 
28 37 863 
29 38 864 
14 45 99 392 541 700 724 865 
15 46 100 393 542 701 725 866 
16 47 101 394 543 702 726 867 
17 48 102 395 544 703 727 868 
18 49 103 396 513 704 728 869 
19 50 104 397 514 673 729 870 
20 51 105 398 515 674 730 871 
21 52 106 399 516 675 731 872 
22 53 107 400 517 676 732 873 
23 54 108 401 518 677 733 874 
24 55 109 402 519 678 734 875 
25 56 110 403 520 679 735 876 
26 57 111 404 521 680 736 877 
27 58 112 405 522 681 705 878 
28 59 113 406 523 682 706 879 
29 60 114 407 524 683 707 880 
30 61 115 408 525 684 708 881 
31 62 116 409 526 685 709 882 
32 63 117 410 527 686 710 883 
1 64 118 411 528 687 711 884 
2 33 119 412 529 688 712 885 
3 34 120 413 530 689 713 886 
4 35 121 414 531 690 714 887 
5 36 122 415 532 691 715 888 
6 37 123 416 533 692 716 889 
7 38 124 385 534 693 717 890 
8 39 125 386 535 694 718 891 
9 40 126 387 536 695 719 892 
10 41 127 388 537 696 720 893 
11 42 128 389 538 697 721 894 
12 43 97 390 539 698 722 895 
13 44 98 391 540 699 723 896 

Code Parameters:
Number_Of_Bits_Transmitted_To_Channel:     832
Information_Bit_Length:                    704
N:                                         896
M:                                         192
Z:                                         32
R:                                         0.846154
