1120 416
12 19
12 12 12 12 12 12 12 12 12 12 12 12 12 12 12 12 12 12 12 12 12 12 12 12 12 12 12 12 12 12 12 12 11 11 11 11 11 11 11 11 11 11 11 11 11 11 11 11 11 11 11 11 11 11 11 11 11 11 11 11 11 11 11 11 4 4 4 4 4 4 4 4 4 4 4 4 4 4 4 4 4 4 4 4 4 4 4 4 4 4 4 4 4 4 4 4 5 5 5 5 5 5 5 5 5 5 5 5 5 5 5 5 5 5 5 5 5 5 5 5 5 5 5 5 5 5 5 5 5 5 5 5 5 5 5 5 5 5 5 5 5 5 5 5 5 5 5 5 5 5 5 5 5 5 5 5 5 5 5 5 3 3 3 3 3 3 3 3 3 3 3 3 3 3 3 3 3 3 3 3 3 3 3 3 3 3 3 3 3 3 3 3 4 4 4 4 4 4 4 4 4 4 4 4 4 4 4 4 4 4 4 4 4 4 4 4 4 4 4 4 4 4 4 4 5 5 5 5 5 5 5 5 5 5 5 5 5 5 5 5 5 5 5 5 5 5 5 5 5 5 5 5 5 5 5 5 5 5 5 5 5 5 5 5 5 5 5 5 5 5 5 5 5 5 5 5 5 5 5 5 5 5 5 5 5 5 5 5 3 3 3 3 3 3 3 3 3 3 3 3 3 3 3 3 3 3 3 3 3 3 3 3 3 3 3 3 3 3 3 3 6 6 6 6 6 6 6 6 6 6 6 6 6 6 6 6 6 6 6 6 6 6 6 6 6 6 6 6 6 6 6 6 6 6 6 6 6 6 6 6 6 6 6 6 6 6 6 6 6 6 6 6 6 6 6 6 6 6 6 6 6 6 6 6 6 6 6 6 6 6 6 6 6 6 6 6 6 6 6 6 6 6 6 6 6 6 6 6 6 6 6 6 6 6 6 6 6 6 6 6 6 6 6 6 6 6 6 6 6 6 6 6 6 6 6 6 6 6 6 6 6 6 6 6 6 6 6 6 5 5 5 5 5 5 5 5 5 5 5 5 5 5 5 5 5 5 5 5 5 5 5 5 5 5 5 5 5 5 5 5 3 3 3 3 3 3 3 3 3 3 3 3 3 3 3 3 3 3 3 3 3 3 3 3 3 3 3 3 3 3 3 3 6 6 6 6 6 6 6 6 6 6 6 6 6 6 6 6 6 6 6 6 6 6 6 6 6 6 6 6 6 6 6 6 5 5 5 5 5 5 5 5 5 5 5 5 5 5 5 5 5 5 5 5 5 5 5 5 5 5 5 5 5 5 5 5 6 6 6 6 6 6 6 6 6 6 6 6 6 6 6 6 6 6 6 6 6 6 6 6 6 6 6 6 6 6 6 6 4 4 4 4 4 4 4 4 4 4 4 4 4 4 4 4 4 4 4 4 4 4 4 4 4 4 4 4 4 4 4 4 5 5 5 5 5 5 5 5 5 5 5 5 5 5 5 5 5 5 5 5 5 5 5 5 5 5 5 5 5 5 5 5 6 6 6 6 6 6 6 6 6 6 6 6 6 6 6 6 6 6 6 6 6 6 6 6 6 6 6 6 6 6 6 6 6 6 6 6 6 6 6 6 6 6 6 6 6 6 6 6 6 6 6 6 6 6 6 6 6 6 6 6 6 6 6 6 3 3 3 3 3 3 3 3 3 3 3 3 3 3 3 3 3 3 3 3 3 3 3 3 3 3 3 3 3 3 3 3 3 3 3 3 3 3 3 3 3 3 3 3 3 3 3 3 3 3 3 3 3 3 3 3 3 3 3 3 3 3 3 3 2 2 2 2 2 2 2 2 2 2 2 2 2 2 2 2 2 2 2 2 2 2 2 2 2 2 2 2 2 2 2 2 1 1 1 1 1 1 1 1 1 1 1 1 1 1 1 1 1 1 1 1 1 1 1 1 1 1 1 1 1 1 1 1 1 1 1 1 1 1 1 1 1 1 1 1 1 1 1 1 1 1 1 1 1 1 1 1 1 1 1 1 1 1 1 1 1 1 1 1 1 1 1 1 1 1 1 1 1 1 1 1 1 1 1 1 1 1 1 1 1 1 1 1 1 1 1 1 1 1 1 1 1 1 1 1 1 1 1 1 1 1 1 1 1 1 1 1 1 1 1 1 1 1 1 1 1 1 1 1 1 1 1 1 1 1 1 1 1 1 1 1 1 1 1 1 1 1 1 1 1 1 1 1 1 1 1 1 1 1 1 1 1 1 1 1 1 1 1 1 1 1 1 1 1 1 1 1 1 1 1 1 1 1 1 1 1 1 1 1 1 1 1 1 1 1 1 1 1 1 1 1 1 1 1 1 1 1 1 1 1 1 1 1 1 1 1 1 1 1 1 1 1 1 1 1 1 1 1 1 1 1 1 1 1 1 1 1 1 1 1 1 1 1 1 1 1 1 1 1 1 1 1 1 1 1 1 1 1 1 1 1 1 1 1 1 1 1 1 1 1 1 1 1 1 1 1 1 1 1 1 1 1 1 1 1 1 1 1 1 
19 19 19 19 19 19 19 19 19 19 19 19 19 19 19 19 19 19 19 19 19 19 19 19 19 19 19 19 19 19 19 19 19 19 19 19 19 19 19 19 19 19 19 19 19 19 19 19 19 19 19 19 19 19 19 19 19 19 19 19 19 19 19 19 19 19 19 19 19 19 19 19 19 19 19 19 19 19 19 19 19 19 19 19 19 19 19 19 19 19 19 19 19 19 19 19 19 19 19 19 19 19 19 19 19 19 19 19 19 19 19 19 19 19 19 19 19 19 19 19 19 19 19 19 19 19 19 19 3 3 3 3 3 3 3 3 3 3 3 3 3 3 3 3 3 3 3 3 3 3 3 3 3 3 3 3 3 3 3 3 8 8 8 8 8 8 8 8 8 8 8 8 8 8 8 8 8 8 8 8 8 8 8 8 8 8 8 8 8 8 8 8 9 9 9 9 9 9 9 9 9 9 9 9 9 9 9 9 9 9 9 9 9 9 9 9 9 9 9 9 9 9 9 9 7 7 7 7 7 7 7 7 7 7 7 7 7 7 7 7 7 7 7 7 7 7 7 7 7 7 7 7 7 7 7 7 10 10 10 10 10 10 10 10 10 10 10 10 10 10 10 10 10 10 10 10 10 10 10 10 10 10 10 10 10 10 10 10 9 9 9 9 9 9 9 9 9 9 9 9 9 9 9 9 9 9 9 9 9 9 9 9 9 9 9 9 9 9 9 9 7 7 7 7 7 7 7 7 7 7 7 7 7 7 7 7 7 7 7 7 7 7 7 7 7 7 7 7 7 7 7 7 8 8 8 8 8 8 8 8 8 8 8 8 8 8 8 8 8 8 8 8 8 8 8 8 8 8 8 8 8 8 8 8 7 7 7 7 7 7 7 7 7 7 7 7 7 7 7 7 7 7 7 7 7 7 7 7 7 7 7 7 7 7 7 7 
7 63 87 104 132 180 202 229 273 314 372 385 
8 64 88 105 133 181 203 230 274 315 373 386 
9 33 89 106 134 182 204 231 275 316 374 387 
10 34 90 107 135 183 205 232 276 317 375 388 
11 35 91 108 136 184 206 233 277 318 376 389 
12 36 92 109 137 185 207 234 278 319 377 390 
13 37 93 110 138 186 208 235 279 320 378 391 
14 38 94 111 139 187 209 236 280 289 379 392 
15 39 95 112 140 188 210 237 281 290 380 393 
16 40 96 113 141 189 211 238 282 291 381 394 
17 41 65 114 142 190 212 239 283 292 382 395 
18 42 66 115 143 191 213 240 284 293 383 396 
19 43 67 116 144 192 214 241 285 294 384 397 
20 44 68 117 145 161 215 242 286 295 353 398 
21 45 69 118 146 162 216 243 287 296 354 399 
22 46 70 119 147 163 217 244 288 297 355 400 
23 47 71 120 148 164 218 245 257 298 356 401 
24 48 72 121 149 165 219 246 258 299 357 402 
25 49 73 122 150 166 220 247 259 300 358 403 
26 50 74 123 151 167 221 248 260 301 359 404 
27 51 75 124 152 168 222 249 261 302 360 405 
28 52 76 125 153 169 223 250 262 303 361 406 
29 53 77 126 154 170 224 251 263 304 362 407 
30 54 78 127 155 171 193 252 264 305 363 408 
31 55 79 128 156 172 194 253 265 306 364 409 
32 56 80 97 157 173 195 254 266 307 365 410 
1 57 81 98 158 174 196 255 267 308 366 411 
2 58 82 99 159 175 197 256 268 309 367 412 
3 59 83 100 160 176 198 225 269 310 368 413 
4 60 84 101 129 177 199 226 270 311 369 414 
5 61 85 102 130 178 200 227 271 312 370 415 
6 62 86 103 131 179 201 228 272 313 371 416 
28 82 104 155 181 245 285 299 351 376 407 
29 83 105 156 182 246 286 300 352 377 408 
30 84 106 157 183 247 287 301 321 378 409 
31 85 107 158 184 248 288 302 322 379 410 
32 86 108 159 185 249 257 303 323 380 411 
1 87 109 160 186 250 258 304 324 381 412 
2 88 110 129 187 251 259 305 325 382 413 
3 89 111 130 188 252 260 306 326 383 414 
4 90 112 131 189 253 261 307 327 384 415 
5 91 113 132 190 254 262 308 328 353 416 
6 92 114 133 191 255 263 309 329 354 385 
7 93 115 134 192 256 264 310 330 355 386 
8 94 116 135 161 225 265 311 331 356 387 
9 95 117 136 162 226 266 312 332 357 388 
10 96 118 137 163 227 267 313 333 358 389 
11 65 119 138 164 228 268 314 334 359 390 
12 66 120 139 165 229 269 315 335 360 391 
13 67 121 140 166 230 270 316 336 361 392 
14 68 122 141 167 231 271 317 337 362 393 
15 69 123 142 168 232 272 318 338 363 394 
16 70 124 143 169 233 273 319 339 364 395 
17 71 125 144 170 234 274 320 340 365 396 
18 72 126 145 171 235 275 289 341 366 397 
19 73 127 146 172 236 276 290 342 367 398 
20 74 128 147 173 237 277 291 343 368 399 
21 75 97 148 174 238 278 292 344 369 400 
22 76 98 149 175 239 279 293 345 370 401 
23 77 99 150 176 240 280 294 346 371 402 
24 78 100 151 177 241 281 295 347 372 403 
25 79 101 152 178 242 282 296 348 373 404 
26 80 102 153 179 243 283 297 349 374 405 
27 81 103 154 180 244 284 298 350 375 406 
31 50 72 332 
32 51 73 333 
1 52 74 334 
2 53 75 335 
3 54 76 336 
4 55 77 337 
5 56 78 338 
6 57 79 339 
7 58 80 340 
8 59 81 341 
9 60 82 342 
10 61 83 343 
11 62 84 344 
12 63 85 345 
13 64 86 346 
14 33 87 347 
15 34 88 348 
16 35 89 349 
17 36 90 350 
18 37 91 351 
19 38 92 352 
20 39 93 321 
21 40 94 322 
22 41 95 323 
23 42 96 324 
24 43 65 325 
25 44 66 326 
26 45 67 327 
27 46 68 328 
28 47 69 329 
29 48 70 330 
30 49 71 331 
2 44 109 191 282 
3 45 110 192 283 
4 46 111 161 284 
5 47 112 162 285 
6 48 113 163 286 
7 49 114 164 287 
8 50 115 165 288 
9 51 116 166 257 
10 52 117 167 258 
11 53 118 168 259 
12 54 119 169 260 
13 55 120 170 261 
14 56 121 171 262 
15 57 122 172 263 
16 58 123 173 264 
17 59 124 174 265 
18 60 125 175 266 
19 61 126 176 267 
20 62 127 177 268 
21 63 128 178 269 
22 64 97 179 270 
23 33 98 180 271 
24 34 99 181 272 
25 35 100 182 273 
26 36 101 183 274 
27 37 102 184 275 
28 38 103 185 276 
29 39 104 186 277 
30 40 105 187 278 
31 41 106 188 279 
32 42 107 189 280 
1 43 108 190 281 
37 66 109 226 346 
38 67 110 227 347 
39 68 111 228 348 
40 69 112 229 349 
41 70 113 230 350 
42 71 114 231 351 
43 72 115 232 352 
44 73 116 233 321 
45 74 117 234 322 
46 75 118 235 323 
47 76 119 236 324 
48 77 120 237 325 
49 78 121 238 326 
50 79 122 239 327 
51 80 123 240 328 
52 81 124 241 329 
53 82 125 242 330 
54 83 126 243 331 
55 84 127 244 332 
56 85 128 245 333 
57 86 97 246 334 
58 87 98 247 335 
59 88 99 248 336 
60 89 100 249 337 
61 90 101 250 338 
62 91 102 251 339 
63 92 103 252 340 
64 93 104 253 341 
33 94 105 254 342 
34 95 106 255 343 
35 96 107 256 344 
36 65 108 225 345 
29 58 76 
30 59 77 
31 60 78 
32 61 79 
1 62 80 
2 63 81 
3 64 82 
4 33 83 
5 34 84 
6 35 85 
7 36 86 
8 37 87 
9 38 88 
10 39 89 
11 40 90 
12 41 91 
13 42 92 
14 43 93 
15 44 94 
16 45 95 
17 46 96 
18 47 65 
19 48 66 
20 49 67 
21 50 68 
22 51 69 
23 52 70 
24 53 71 
25 54 72 
26 55 73 
27 56 74 
28 57 75 
23 68 107 203 
24 69 108 204 
25 70 109 205 
26 71 110 206 
27 72 111 207 
28 73 112 208 
29 74 113 209 
30 75 114 210 
31 76 115 211 
32 77 116 212 
1 78 117 213 
2 79 118 214 
3 80 119 215 
4 81 120 216 
5 82 121 217 
6 83 122 218 
7 84 123 219 
8 85 124 220 
9 86 125 221 
10 87 126 222 
11 88 127 223 
12 89 128 224 
13 90 97 193 
14 91 98 194 
15 92 99 195 
16 93 100 196 
17 94 101 197 
18 95 102 198 
19 96 103 199 
20 65 104 200 
21 66 105 201 
22 67 106 202 
35 92 126 226 321 
36 93 127 227 322 
37 94 128 228 323 
38 95 97 229 324 
39 96 98 230 325 
40 65 99 231 326 
41 66 100 232 327 
42 67 101 233 328 
43 68 102 234 329 
44 69 103 235 330 
45 70 104 236 331 
46 71 105 237 332 
47 72 106 238 333 
48 73 107 239 334 
49 74 108 240 335 
50 75 109 241 336 
51 76 110 242 337 
52 77 111 243 338 
53 78 112 244 339 
54 79 113 245 340 
55 80 114 246 341 
56 81 115 247 342 
57 82 116 248 343 
58 83 117 249 344 
59 84 118 250 345 
60 85 119 251 346 
61 86 120 252 347 
62 87 121 253 348 
63 88 122 254 349 
64 89 123 255 350 
33 90 124 256 351 
34 91 125 225 352 
57 80 110 250 336 
58 81 111 251 337 
59 82 112 252 338 
60 83 113 253 339 
61 84 114 254 340 
62 85 115 255 341 
63 86 116 256 342 
64 87 117 225 343 
33 88 118 226 344 
34 89 119 227 345 
35 90 120 228 346 
36 91 121 229 347 
37 92 122 230 348 
38 93 123 231 349 
39 94 124 232 350 
40 95 125 233 351 
41 96 126 234 352 
42 65 127 235 321 
43 66 128 236 322 
44 67 97 237 323 
45 68 98 238 324 
46 69 99 239 325 
47 70 100 240 326 
48 71 101 241 327 
49 72 102 242 328 
50 73 103 243 329 
51 74 104 244 330 
52 75 105 245 331 
53 76 106 246 332 
54 77 107 247 333 
55 78 108 248 334 
56 79 109 249 335 
6 52 66 
7 53 67 
8 54 68 
9 55 69 
10 56 70 
11 57 71 
12 58 72 
13 59 73 
14 60 74 
15 61 75 
16 62 76 
17 63 77 
18 64 78 
19 33 79 
20 34 80 
21 35 81 
22 36 82 
23 37 83 
24 38 84 
25 39 85 
26 40 86 
27 41 87 
28 42 88 
29 43 89 
30 44 90 
31 45 91 
32 46 92 
1 47 93 
2 48 94 
3 49 95 
4 50 96 
5 51 65 
28 90 121 197 308 396 
29 91 122 198 309 397 
30 92 123 199 310 398 
31 93 124 200 311 399 
32 94 125 201 312 400 
1 95 126 202 313 401 
2 96 127 203 314 402 
3 65 128 204 315 403 
4 66 97 205 316 404 
5 67 98 206 317 405 
6 68 99 207 318 406 
7 69 100 208 319 407 
8 70 101 209 320 408 
9 71 102 210 289 409 
10 72 103 211 290 410 
11 73 104 212 291 411 
12 74 105 213 292 412 
13 75 106 214 293 413 
14 76 107 215 294 414 
15 77 108 216 295 415 
16 78 109 217 296 416 
17 79 110 218 297 385 
18 80 111 219 298 386 
19 81 112 220 299 387 
20 82 113 221 300 388 
21 83 114 222 301 389 
22 84 115 223 302 390 
23 85 116 224 303 391 
24 86 117 193 304 392 
25 87 118 194 305 393 
26 88 119 195 306 394 
27 89 120 196 307 395 
19 37 107 222 300 385 
20 38 108 223 301 386 
21 39 109 224 302 387 
22 40 110 193 303 388 
23 41 111 194 304 389 
24 42 112 195 305 390 
25 43 113 196 306 391 
26 44 114 197 307 392 
27 45 115 198 308 393 
28 46 116 199 309 394 
29 47 117 200 310 395 
30 48 118 201 311 396 
31 49 119 202 312 397 
32 50 120 203 313 398 
1 51 121 204 314 399 
2 52 122 205 315 400 
3 53 123 206 316 401 
4 54 124 207 317 402 
5 55 125 208 318 403 
6 56 126 209 319 404 
7 57 127 210 320 405 
8 58 128 211 289 406 
9 59 97 212 290 407 
10 60 98 213 291 408 
11 61 99 214 292 409 
12 62 100 215 293 410 
13 63 101 216 294 411 
14 64 102 217 295 412 
15 33 103 218 296 413 
16 34 104 219 297 414 
17 35 105 220 298 415 
18 36 106 221 299 416 
2 59 107 186 270 366 
3 60 108 187 271 367 
4 61 109 188 272 368 
5 62 110 189 273 369 
6 63 111 190 274 370 
7 64 112 191 275 371 
8 33 113 192 276 372 
9 34 114 161 277 373 
10 35 115 162 278 374 
11 36 116 163 279 375 
12 37 117 164 280 376 
13 38 118 165 281 377 
14 39 119 166 282 378 
15 40 120 167 283 379 
16 41 121 168 284 380 
17 42 122 169 285 381 
18 43 123 170 286 382 
19 44 124 171 287 383 
20 45 125 172 288 384 
21 46 126 173 257 353 
22 47 127 174 258 354 
23 48 128 175 259 355 
24 49 97 176 260 356 
25 50 98 177 261 357 
26 51 99 178 262 358 
27 52 100 179 263 359 
28 53 101 180 264 360 
29 54 102 181 265 361 
30 55 103 182 266 362 
31 56 104 183 267 363 
32 57 105 184 268 364 
1 58 106 185 269 365 
24 83 102 205 307 407 
25 84 103 206 308 408 
26 85 104 207 309 409 
27 86 105 208 310 410 
28 87 106 209 311 411 
29 88 107 210 312 412 
30 89 108 211 313 413 
31 90 109 212 314 414 
32 91 110 213 315 415 
1 92 111 214 316 416 
2 93 112 215 317 385 
3 94 113 216 318 386 
4 95 114 217 319 387 
5 96 115 218 320 388 
6 65 116 219 289 389 
7 66 117 220 290 390 
8 67 118 221 291 391 
9 68 119 222 292 392 
10 69 120 223 293 393 
11 70 121 224 294 394 
12 71 122 193 295 395 
13 72 123 194 296 396 
14 73 124 195 297 397 
15 74 125 196 298 398 
16 75 126 197 299 399 
17 76 127 198 300 400 
18 77 128 199 301 401 
19 78 97 200 302 402 
20 79 98 201 303 403 
21 80 99 202 304 404 
22 81 100 203 305 405 
23 82 101 204 306 406 
52 96 110 249 327 
53 65 111 250 328 
54 66 112 251 329 
55 67 113 252 330 
56 68 114 253 331 
57 69 115 254 332 
58 70 116 255 333 
59 71 117 256 334 
60 72 118 225 335 
61 73 119 226 336 
62 74 120 227 337 
63 75 121 228 338 
64 76 122 229 339 
33 77 123 230 340 
34 78 124 231 341 
35 79 125 232 342 
36 80 126 233 343 
37 81 127 234 344 
38 82 128 235 345 
39 83 97 236 346 
40 84 98 237 347 
41 85 99 238 348 
42 86 100 239 349 
43 87 101 240 350 
44 88 102 241 351 
45 89 103 242 352 
46 90 104 243 321 
47 91 105 244 322 
48 92 106 245 323 
49 93 107 246 324 
50 94 108 247 325 
51 95 109 248 326 
30 61 96 
31 62 65 
32 63 66 
1 64 67 
2 33 68 
3 34 69 
4 35 70 
5 36 71 
6 37 72 
7 38 73 
8 39 74 
9 40 75 
10 41 76 
11 42 77 
12 43 78 
13 44 79 
14 45 80 
15 46 81 
16 47 82 
17 48 83 
18 49 84 
19 50 85 
20 51 86 
21 52 87 
22 53 88 
23 54 89 
24 55 90 
25 56 91 
26 57 92 
27 58 93 
28 59 94 
29 60 95 
10 51 113 165 283 363 
11 52 114 166 284 364 
12 53 115 167 285 365 
13 54 116 168 286 366 
14 55 117 169 287 367 
15 56 118 170 288 368 
16 57 119 171 257 369 
17 58 120 172 258 370 
18 59 121 173 259 371 
19 60 122 174 260 372 
20 61 123 175 261 373 
21 62 124 176 262 374 
22 63 125 177 263 375 
23 64 126 178 264 376 
24 33 127 179 265 377 
25 34 128 180 266 378 
26 35 97 181 267 379 
27 36 98 182 268 380 
28 37 99 183 269 381 
29 38 100 184 270 382 
30 39 101 185 271 383 
31 40 102 186 272 384 
32 41 103 187 273 353 
1 42 104 188 274 354 
2 43 105 189 275 355 
3 44 106 190 276 356 
4 45 107 191 277 357 
5 46 108 192 278 358 
6 47 109 161 279 359 
7 48 110 162 280 360 
8 49 111 163 281 361 
9 50 112 164 282 362 
38 76 117 214 307 
39 77 118 215 308 
40 78 119 216 309 
41 79 120 217 310 
42 80 121 218 311 
43 81 122 219 312 
44 82 123 220 313 
45 83 124 221 314 
46 84 125 222 315 
47 85 126 223 316 
48 86 127 224 317 
49 87 128 193 318 
50 88 97 194 319 
51 89 98 195 320 
52 90 99 196 289 
53 91 100 197 290 
54 92 101 198 291 
55 93 102 199 292 
56 94 103 200 293 
57 95 104 201 294 
58 96 105 202 295 
59 65 106 203 296 
60 66 107 204 297 
61 67 108 205 298 
62 68 109 206 299 
63 69 110 207 300 
64 70 111 208 301 
33 71 112 209 302 
34 72 113 210 303 
35 73 114 211 304 
36 74 115 212 305 
37 75 116 213 306 
3 84 109 196 292 410 
4 85 110 197 293 411 
5 86 111 198 294 412 
6 87 112 199 295 413 
7 88 113 200 296 414 
8 89 114 201 297 415 
9 90 115 202 298 416 
10 91 116 203 299 385 
11 92 117 204 300 386 
12 93 118 205 301 387 
13 94 119 206 302 388 
14 95 120 207 303 389 
15 96 121 208 304 390 
16 65 122 209 305 391 
17 66 123 210 306 392 
18 67 124 211 307 393 
19 68 125 212 308 394 
20 69 126 213 309 395 
21 70 127 214 310 396 
22 71 128 215 311 397 
23 72 97 216 312 398 
24 73 98 217 313 399 
25 74 99 218 314 400 
26 75 100 219 315 401 
27 76 101 220 316 402 
28 77 102 221 317 403 
29 78 103 222 318 404 
30 79 104 223 319 405 
31 80 105 224 320 406 
32 81 106 193 289 407 
1 82 107 194 290 408 
2 83 108 195 291 409 
30 34 70 285 
31 35 71 286 
32 36 72 287 
1 37 73 288 
2 38 74 257 
3 39 75 258 
4 40 76 259 
5 41 77 260 
6 42 78 261 
7 43 79 262 
8 44 80 263 
9 45 81 264 
10 46 82 265 
11 47 83 266 
12 48 84 267 
13 49 85 268 
14 50 86 269 
15 51 87 270 
16 52 88 271 
17 53 89 272 
18 54 90 273 
19 55 91 274 
20 56 92 275 
21 57 93 276 
22 58 94 277 
23 59 95 278 
24 60 96 279 
25 61 65 280 
26 62 66 281 
27 63 67 282 
28 64 68 283 
29 33 69 284 
18 76 113 206 297 
19 77 114 207 298 
20 78 115 208 299 
21 79 116 209 300 
22 80 117 210 301 
23 81 118 211 302 
24 82 119 212 303 
25 83 120 213 304 
26 84 121 214 305 
27 85 122 215 306 
28 86 123 216 307 
29 87 124 217 308 
30 88 125 218 309 
31 89 126 219 310 
32 90 127 220 311 
1 91 128 221 312 
2 92 97 222 313 
3 93 98 223 314 
4 94 99 224 315 
5 95 100 193 316 
6 96 101 194 317 
7 65 102 195 318 
8 66 103 196 319 
9 67 104 197 320 
10 68 105 198 289 
11 69 106 199 290 
12 70 107 200 291 
13 71 108 201 292 
14 72 109 202 293 
15 73 110 203 294 
16 74 111 204 295 
17 75 112 205 296 
2 37 117 166 276 371 
3 38 118 167 277 372 
4 39 119 168 278 373 
5 40 120 169 279 374 
6 41 121 170 280 375 
7 42 122 171 281 376 
8 43 123 172 282 377 
9 44 124 173 283 378 
10 45 125 174 284 379 
11 46 126 175 285 380 
12 47 127 176 286 381 
13 48 128 177 287 382 
14 49 97 178 288 383 
15 50 98 179 257 384 
16 51 99 180 258 353 
17 52 100 181 259 354 
18 53 101 182 260 355 
19 54 102 183 261 356 
20 55 103 184 262 357 
21 56 104 185 263 358 
22 57 105 186 264 359 
23 58 106 187 265 360 
24 59 107 188 266 361 
25 60 108 189 267 362 
26 61 109 190 268 363 
27 62 110 191 269 364 
28 63 111 192 270 365 
29 64 112 161 271 366 
30 33 113 162 272 367 
31 34 114 163 273 368 
32 35 115 164 274 369 
1 36 116 165 275 370 
32 33 128 174 272 357 
1 34 97 175 273 358 
2 35 98 176 274 359 
3 36 99 177 275 360 
4 37 100 178 276 361 
5 38 101 179 277 362 
6 39 102 180 278 363 
7 40 103 181 279 364 
8 41 104 182 280 365 
9 42 105 183 281 366 
10 43 106 184 282 367 
11 44 107 185 283 368 
12 45 108 186 284 369 
13 46 109 187 285 370 
14 47 110 188 286 371 
15 48 111 189 287 372 
16 49 112 190 288 373 
17 50 113 191 257 374 
18 51 114 192 258 375 
19 52 115 161 259 376 
20 53 116 162 260 377 
21 54 117 163 261 378 
22 55 118 164 262 379 
23 56 119 165 263 380 
24 57 120 166 264 381 
25 58 121 167 265 382 
26 59 122 168 266 383 
27 60 123 169 267 384 
28 61 124 170 268 353 
29 62 125 171 269 354 
30 63 126 172 270 355 
31 64 127 173 271 356 
1 33 363 
2 34 364 
3 35 365 
4 36 366 
5 37 367 
6 38 368 
7 39 369 
8 40 370 
9 41 371 
10 42 372 
11 43 373 
12 44 374 
13 45 375 
14 46 376 
15 47 377 
16 48 378 
17 49 379 
18 50 380 
19 51 381 
20 52 382 
21 53 383 
22 54 384 
23 55 353 
24 56 354 
25 57 355 
26 58 356 
27 59 357 
28 60 358 
29 61 359 
30 62 360 
31 63 361 
32 64 362 
33 65 263 
34 66 264 
35 67 265 
36 68 266 
37 69 267 
38 70 268 
39 71 269 
40 72 270 
41 73 271 
42 74 272 
43 75 273 
44 76 274 
45 77 275 
46 78 276 
47 79 277 
48 80 278 
49 81 279 
50 82 280 
51 83 281 
52 84 282 
53 85 283 
54 86 284 
55 87 285 
56 88 286 
57 89 287 
58 90 288 
59 91 257 
60 92 258 
61 93 259 
62 94 260 
63 95 261 
64 96 262 
65 97 
66 98 
67 99 
68 100 
69 101 
70 102 
71 103 
72 104 
73 105 
74 106 
75 107 
76 108 
77 109 
78 110 
79 111 
80 112 
81 113 
82 114 
83 115 
84 116 
85 117 
86 118 
87 119 
88 120 
89 121 
90 122 
91 123 
92 124 
93 125 
94 126 
95 127 
96 128 
129 
130 
131 
132 
133 
134 
135 
136 
137 
138 
139 
140 
141 
142 
143 
144 
145 
146 
147 
148 
149 
150 
151 
152 
153 
154 
155 
156 
157 
158 
159 
160 
161 
162 
163 
164 
165 
166 
167 
168 
169 
170 
171 
172 
173 
174 
175 
176 
177 
178 
179 
180 
181 
182 
183 
184 
185 
186 
187 
188 
189 
190 
191 
192 
193 
194 
195 
196 
197 
198 
199 
200 
201 
202 
203 
204 
205 
206 
207 
208 
209 
210 
211 
212 
213 
214 
215 
216 
217 
218 
219 
220 
221 
222 
223 
224 
225 
226 
227 
228 
229 
230 
231 
232 
233 
234 
235 
236 
237 
238 
239 
240 
241 
242 
243 
244 
245 
246 
247 
248 
249 
250 
251 
252 
253 
254 
255 
256 
257 
258 
259 
260 
261 
262 
263 
264 
265 
266 
267 
268 
269 
270 
271 
272 
273 
274 
275 
276 
277 
278 
279 
280 
281 
282 
283 
284 
285 
286 
287 
288 
289 
290 
291 
292 
293 
294 
295 
296 
297 
298 
299 
300 
301 
302 
303 
304 
305 
306 
307 
308 
309 
310 
311 
312 
313 
314 
315 
316 
317 
318 
319 
320 
321 
322 
323 
324 
325 
326 
327 
328 
329 
330 
331 
332 
333 
334 
335 
336 
337 
338 
339 
340 
341 
342 
343 
344 
345 
346 
347 
348 
349 
350 
351 
352 
353 
354 
355 
356 
357 
358 
359 
360 
361 
362 
363 
364 
365 
366 
367 
368 
369 
370 
371 
372 
373 
374 
375 
376 
377 
378 
379 
380 
381 
382 
383 
384 
385 
386 
387 
388 
389 
390 
391 
392 
393 
394 
395 
396 
397 
398 
399 
400 
401 
402 
403 
404 
405 
406 
407 
408 
409 
410 
411 
412 
413 
414 
415 
416 
27 38 67 128 165 203 316 326 367 416 426 484 536 607 612 656 704 706 737 
28 39 68 97 166 204 317 327 368 385 427 485 537 608 613 657 673 707 738 
29 40 69 98 167 205 318 328 369 386 428 486 538 577 614 658 674 708 739 
30 41 70 99 168 206 319 329 370 387 429 487 539 578 615 659 675 709 740 
31 42 71 100 169 207 320 330 371 388 430 488 540 579 616 660 676 710 741 
32 43 72 101 170 208 289 331 372 389 431 489 541 580 617 661 677 711 742 
1 44 73 102 171 209 290 332 373 390 432 490 542 581 618 662 678 712 743 
2 45 74 103 172 210 291 333 374 391 433 491 543 582 619 663 679 713 744 
3 46 75 104 173 211 292 334 375 392 434 492 544 583 620 664 680 714 745 
4 47 76 105 174 212 293 335 376 393 435 493 513 584 621 665 681 715 746 
5 48 77 106 175 213 294 336 377 394 436 494 514 585 622 666 682 716 747 
6 49 78 107 176 214 295 337 378 395 437 495 515 586 623 667 683 717 748 
7 50 79 108 177 215 296 338 379 396 438 496 516 587 624 668 684 718 749 
8 51 80 109 178 216 297 339 380 397 439 497 517 588 625 669 685 719 750 
9 52 81 110 179 217 298 340 381 398 440 498 518 589 626 670 686 720 751 
10 53 82 111 180 218 299 341 382 399 441 499 519 590 627 671 687 721 752 
11 54 83 112 181 219 300 342 383 400 442 500 520 591 628 672 688 722 753 
12 55 84 113 182 220 301 343 384 401 443 501 521 592 629 641 689 723 754 
13 56 85 114 183 221 302 344 353 402 444 502 522 593 630 642 690 724 755 
14 57 86 115 184 222 303 345 354 403 445 503 523 594 631 643 691 725 756 
15 58 87 116 185 223 304 346 355 404 446 504 524 595 632 644 692 726 757 
16 59 88 117 186 224 305 347 356 405 447 505 525 596 633 645 693 727 758 
17 60 89 118 187 193 306 348 357 406 448 506 526 597 634 646 694 728 759 
18 61 90 119 188 194 307 349 358 407 417 507 527 598 635 647 695 729 760 
19 62 91 120 189 195 308 350 359 408 418 508 528 599 636 648 696 730 761 
20 63 92 121 190 196 309 351 360 409 419 509 529 600 637 649 697 731 762 
21 64 93 122 191 197 310 352 361 410 420 510 530 601 638 650 698 732 763 
22 33 94 123 192 198 311 321 362 411 421 511 531 602 639 651 699 733 764 
23 34 95 124 161 199 312 322 363 412 422 512 532 603 640 652 700 734 765 
24 35 96 125 162 200 313 323 364 413 423 481 533 604 609 653 701 735 766 
25 36 65 126 163 201 314 324 365 414 424 482 534 605 610 654 702 736 767 
26 37 66 127 164 202 315 325 366 415 425 483 535 606 611 655 703 705 768 
3 80 118 157 168 255 265 302 381 391 462 485 527 572 640 701 705 737 769 
4 81 119 158 169 256 266 303 382 392 463 486 528 573 609 702 706 738 770 
5 82 120 159 170 225 267 304 383 393 464 487 529 574 610 703 707 739 771 
6 83 121 160 171 226 268 305 384 394 465 488 530 575 611 704 708 740 772 
7 84 122 129 172 227 269 306 353 395 466 489 531 576 612 673 709 741 773 
8 85 123 130 173 228 270 307 354 396 467 490 532 545 613 674 710 742 774 
9 86 124 131 174 229 271 308 355 397 468 491 533 546 614 675 711 743 775 
10 87 125 132 175 230 272 309 356 398 469 492 534 547 615 676 712 744 776 
11 88 126 133 176 231 273 310 357 399 470 493 535 548 616 677 713 745 777 
12 89 127 134 177 232 274 311 358 400 471 494 536 549 617 678 714 746 778 
13 90 128 135 178 233 275 312 359 401 472 495 537 550 618 679 715 747 779 
14 91 97 136 179 234 276 313 360 402 473 496 538 551 619 680 716 748 780 
15 92 98 137 180 235 277 314 361 403 474 497 539 552 620 681 717 749 781 
16 93 99 138 181 236 278 315 362 404 475 498 540 553 621 682 718 750 782 
17 94 100 139 182 237 279 316 363 405 476 499 541 554 622 683 719 751 783 
18 95 101 140 183 238 280 317 364 406 477 500 542 555 623 684 720 752 784 
19 96 102 141 184 239 281 318 365 407 478 501 543 556 624 685 721 753 785 
20 65 103 142 185 240 282 319 366 408 479 502 544 557 625 686 722 754 786 
21 66 104 143 186 241 283 320 367 409 480 503 513 558 626 687 723 755 787 
22 67 105 144 187 242 284 289 368 410 449 504 514 559 627 688 724 756 788 
23 68 106 145 188 243 285 290 369 411 450 505 515 560 628 689 725 757 789 
24 69 107 146 189 244 286 291 370 412 451 506 516 561 629 690 726 758 790 
25 70 108 147 190 245 287 292 371 413 452 507 517 562 630 691 727 759 791 
26 71 109 148 191 246 288 293 372 414 453 508 518 563 631 692 728 760 792 
27 72 110 149 192 247 257 294 373 415 454 509 519 564 632 693 729 761 793 
28 73 111 150 161 248 258 295 374 416 455 510 520 565 633 694 730 762 794 
29 74 112 151 162 249 259 296 375 385 456 511 521 566 634 695 731 763 795 
30 75 113 152 163 250 260 297 376 386 457 512 522 567 635 696 732 764 796 
31 76 114 153 164 251 261 298 377 387 458 481 523 568 636 697 733 765 797 
32 77 115 154 165 252 262 299 378 388 459 482 524 569 637 698 734 766 798 
1 78 116 155 166 253 263 300 379 389 460 483 525 570 638 699 735 767 799 
2 79 117 156 167 254 264 301 380 390 461 484 526 571 639 700 736 768 800 
11 48 90 160 182 222 230 274 320 328 431 450 482 566 590 636 662 769 801 
12 49 91 129 183 223 231 275 289 329 432 451 483 567 591 637 663 770 802 
13 50 92 130 184 224 232 276 290 330 433 452 484 568 592 638 664 771 803 
14 51 93 131 185 193 233 277 291 331 434 453 485 569 593 639 665 772 804 
15 52 94 132 186 194 234 278 292 332 435 454 486 570 594 640 666 773 805 
16 53 95 133 187 195 235 279 293 333 436 455 487 571 595 609 667 774 806 
17 54 96 134 188 196 236 280 294 334 437 456 488 572 596 610 668 775 807 
18 55 65 135 189 197 237 281 295 335 438 457 489 573 597 611 669 776 808 
19 56 66 136 190 198 238 282 296 336 439 458 490 574 598 612 670 777 809 
20 57 67 137 191 199 239 283 297 337 440 459 491 575 599 613 671 778 810 
21 58 68 138 192 200 240 284 298 338 441 460 492 576 600 614 672 779 811 
22 59 69 139 161 201 241 285 299 339 442 461 493 545 601 615 641 780 812 
23 60 70 140 162 202 242 286 300 340 443 462 494 546 602 616 642 781 813 
24 61 71 141 163 203 243 287 301 341 444 463 495 547 603 617 643 782 814 
25 62 72 142 164 204 244 288 302 342 445 464 496 548 604 618 644 783 815 
26 63 73 143 165 205 245 257 303 343 446 465 497 549 605 619 645 784 816 
27 64 74 144 166 206 246 258 304 344 447 466 498 550 606 620 646 785 817 
28 33 75 145 167 207 247 259 305 345 448 467 499 551 607 621 647 786 818 
29 34 76 146 168 208 248 260 306 346 417 468 500 552 608 622 648 787 819 
30 35 77 147 169 209 249 261 307 347 418 469 501 553 577 623 649 788 820 
31 36 78 148 170 210 250 262 308 348 419 470 502 554 578 624 650 789 821 
32 37 79 149 171 211 251 263 309 349 420 471 503 555 579 625 651 790 822 
1 38 80 150 172 212 252 264 310 350 421 472 504 556 580 626 652 791 823 
2 39 81 151 173 213 253 265 311 351 422 473 505 557 581 627 653 792 824 
3 40 82 152 174 214 254 266 312 352 423 474 506 558 582 628 654 793 825 
4 41 83 153 175 215 255 267 313 321 424 475 507 559 583 629 655 794 826 
5 42 84 154 176 216 256 268 314 322 425 476 508 560 584 630 656 795 827 
6 43 85 155 177 217 225 269 315 323 426 477 509 561 585 631 657 796 828 
7 44 86 156 178 218 226 270 316 324 427 478 510 562 586 632 658 797 829 
8 45 87 157 179 219 227 271 317 325 428 479 511 563 587 633 659 798 830 
9 46 88 158 180 220 228 272 318 326 429 480 512 564 588 634 660 799 831 
10 47 89 159 181 221 229 273 319 327 430 449 481 565 589 635 661 800 832 
26 58 117 149 215 228 276 329 375 407 444 468 529 557 597 657 685 706 801 
27 59 118 150 216 229 277 330 376 408 445 469 530 558 598 658 686 707 802 
28 60 119 151 217 230 278 331 377 409 446 470 531 559 599 659 687 708 803 
29 61 120 152 218 231 279 332 378 410 447 471 532 560 600 660 688 709 804 
30 62 121 153 219 232 280 333 379 411 448 472 533 561 601 661 689 710 805 
31 63 122 154 220 233 281 334 380 412 417 473 534 562 602 662 690 711 806 
32 64 123 155 221 234 282 335 381 413 418 474 535 563 603 663 691 712 807 
1 33 124 156 222 235 283 336 382 414 419 475 536 564 604 664 692 713 808 
2 34 125 157 223 236 284 337 383 415 420 476 537 565 605 665 693 714 809 
3 35 126 158 224 237 285 338 384 416 421 477 538 566 606 666 694 715 810 
4 36 127 159 193 238 286 339 353 385 422 478 539 567 607 667 695 716 811 
5 37 128 160 194 239 287 340 354 386 423 479 540 568 608 668 696 717 812 
6 38 97 129 195 240 288 341 355 387 424 480 541 569 577 669 697 718 813 
7 39 98 130 196 241 257 342 356 388 425 449 542 570 578 670 698 719 814 
8 40 99 131 197 242 258 343 357 389 426 450 543 571 579 671 699 720 815 
9 41 100 132 198 243 259 344 358 390 427 451 544 572 580 672 700 721 816 
10 42 101 133 199 244 260 345 359 391 428 452 513 573 581 641 701 722 817 
11 43 102 134 200 245 261 346 360 392 429 453 514 574 582 642 702 723 818 
12 44 103 135 201 246 262 347 361 393 430 454 515 575 583 643 703 724 819 
13 45 104 136 202 247 263 348 362 394 431 455 516 576 584 644 704 725 820 
14 46 105 137 203 248 264 349 363 395 432 456 517 545 585 645 673 726 821 
15 47 106 138 204 249 265 350 364 396 433 457 518 546 586 646 674 727 822 
16 48 107 139 205 250 266 351 365 397 434 458 519 547 587 647 675 728 823 
17 49 108 140 206 251 267 352 366 398 435 459 520 548 588 648 676 729 824 
18 50 109 141 207 252 268 321 367 399 436 460 521 549 589 649 677 730 825 
19 51 110 142 208 253 269 322 368 400 437 461 522 550 590 650 678 731 826 
20 52 111 143 209 254 270 323 369 401 438 462 523 551 591 651 679 732 827 
21 53 112 144 210 255 271 324 370 402 439 463 524 552 592 652 680 733 828 
22 54 113 145 211 256 272 325 371 403 440 464 525 553 593 653 681 734 829 
23 55 114 146 212 225 273 326 372 404 441 465 526 554 594 654 682 735 830 
24 56 115 147 213 226 274 327 373 405 442 466 527 555 595 655 683 736 831 
25 57 116 148 214 227 275 328 374 406 443 467 528 556 596 656 684 705 832 
30 39 833 
31 40 834 
32 41 835 
1 42 836 
2 43 837 
3 44 838 
4 45 839 
5 46 840 
6 47 841 
7 48 842 
8 49 843 
9 50 844 
10 51 845 
11 52 846 
12 53 847 
13 54 848 
14 55 849 
15 56 850 
16 57 851 
17 58 852 
18 59 853 
19 60 854 
20 61 855 
21 62 856 
22 63 857 
23 64 858 
24 33 859 
25 34 860 
26 35 861 
27 36 862 
28 37 863 
29 38 864 
14 45 99 392 541 700 724 865 
15 46 100 393 542 701 725 866 
16 47 101 394 543 702 726 867 
17 48 102 395 544 703 727 868 
18 49 103 396 513 704 728 869 
19 50 104 397 514 673 729 870 
20 51 105 398 515 674 730 871 
21 52 106 399 516 675 731 872 
22 53 107 400 517 676 732 873 
23 54 108 401 518 677 733 874 
24 55 109 402 519 678 734 875 
25 56 110 403 520 679 735 876 
26 57 111 404 521 680 736 877 
27 58 112 405 522 681 705 878 
28 59 113 406 523 682 706 879 
29 60 114 407 524 683 707 880 
30 61 115 408 525 684 708 881 
31 62 116 409 526 685 709 882 
32 63 117 410 527 686 710 883 
1 64 118 411 528 687 711 884 
2 33 119 412 529 688 712 885 
3 34 120 413 530 689 713 886 
4 35 121 414 531 690 714 887 
5 36 122 415 532 691 715 888 
6 37 123 416 533 692 716 889 
7 38 124 385 534 693 717 890 
8 39 125 386 535 694 718 891 
9 40 126 387 536 695 719 892 
10 41 127 388 537 696 720 893 
11 42 128 389 538 697 721 894 
12 43 97 390 539 698 722 895 
13 44 98 391 540 699 723 896 
24 215 349 356 437 556 606 660 897 
25 216 350 357 438 557 607 661 898 
26 217 351 358 439 558 608 662 899 
27 218 352 359 440 559 577 663 900 
28 219 321 360 441 560 578 664 901 
29 220 322 361 442 561 579 665 902 
30 221 323 362 443 562 580 666 903 
31 222 324 363 444 563 581 667 904 
32 223 325 364 445 564 582 668 905 
1 224 326 365 446 565 583 669 906 
2 193 327 366 447 566 584 670 907 
3 194 328 367 448 567 585 671 908 
4 195 329 368 417 568 586 672 909 
5 196 330 369 418 569 587 641 910 
6 197 331 370 419 570 588 642 911 
7 198 332 371 420 571 589 643 912 
8 199 333 372 421 572 590 644 913 
9 200 334 373 422 573 591 645 914 
10 201 335 374 423 574 592 646 915 
11 202 336 375 424 575 593 647 916 
12 203 337 376 425 576 594 648 917 
13 204 338 377 426 545 595 649 918 
14 205 339 378 427 546 596 650 919 
15 206 340 379 428 547 597 651 920 
16 207 341 380 429 548 598 652 921 
17 208 342 381 430 549 599 653 922 
18 209 343 382 431 550 600 654 923 
19 210 344 383 432 551 601 655 924 
20 211 345 384 433 552 602 656 925 
21 212 346 353 434 553 603 657 926 
22 213 347 354 435 554 604 658 927 
23 214 348 355 436 555 605 659 928 
29 45 160 256 264 457 929 
30 46 129 225 265 458 930 
31 47 130 226 266 459 931 
32 48 131 227 267 460 932 
1 49 132 228 268 461 933 
2 50 133 229 269 462 934 
3 51 134 230 270 463 935 
4 52 135 231 271 464 936 
5 53 136 232 272 465 937 
6 54 137 233 273 466 938 
7 55 138 234 274 467 939 
8 56 139 235 275 468 940 
9 57 140 236 276 469 941 
10 58 141 237 277 470 942 
11 59 142 238 278 471 943 
12 60 143 239 279 472 944 
13 61 144 240 280 473 945 
14 62 145 241 281 474 946 
15 63 146 242 282 475 947 
16 64 147 243 283 476 948 
17 33 148 244 284 477 949 
18 34 149 245 285 478 950 
19 35 150 246 286 479 951 
20 36 151 247 287 480 952 
21 37 152 248 288 449 953 
22 38 153 249 257 450 954 
23 39 154 250 258 451 955 
24 40 155 251 259 452 956 
25 41 156 252 260 453 957 
26 42 157 253 261 454 958 
27 43 158 254 262 455 959 
28 44 159 255 263 456 960 
17 37 104 404 519 613 686 722 795 961 
18 38 105 405 520 614 687 723 796 962 
19 39 106 406 521 615 688 724 797 963 
20 40 107 407 522 616 689 725 798 964 
21 41 108 408 523 617 690 726 799 965 
22 42 109 409 524 618 691 727 800 966 
23 43 110 410 525 619 692 728 769 967 
24 44 111 411 526 620 693 729 770 968 
25 45 112 412 527 621 694 730 771 969 
26 46 113 413 528 622 695 731 772 970 
27 47 114 414 529 623 696 732 773 971 
28 48 115 415 530 624 697 733 774 972 
29 49 116 416 531 625 698 734 775 973 
30 50 117 385 532 626 699 735 776 974 
31 51 118 386 533 627 700 736 777 975 
32 52 119 387 534 628 701 705 778 976 
1 53 120 388 535 629 702 706 779 977 
2 54 121 389 536 630 703 707 780 978 
3 55 122 390 537 631 704 708 781 979 
4 56 123 391 538 632 673 709 782 980 
5 57 124 392 539 633 674 710 783 981 
6 58 125 393 540 634 675 711 784 982 
7 59 126 394 541 635 676 712 785 983 
8 60 127 395 542 636 677 713 786 984 
9 61 128 396 543 637 678 714 787 985 
10 62 97 397 544 638 679 715 788 986 
11 63 98 398 513 639 680 716 789 987 
12 64 99 399 514 640 681 717 790 988 
13 33 100 400 515 609 682 718 791 989 
14 34 101 401 516 610 683 719 792 990 
15 35 102 402 517 611 684 720 793 991 
16 36 103 403 518 612 685 721 794 992 
8 55 334 374 431 559 606 665 993 
9 56 335 375 432 560 607 666 994 
10 57 336 376 433 561 608 667 995 
11 58 337 377 434 562 577 668 996 
12 59 338 378 435 563 578 669 997 
13 60 339 379 436 564 579 670 998 
14 61 340 380 437 565 580 671 999 
15 62 341 381 438 566 581 672 1000 
16 63 342 382 439 567 582 641 1001 
17 64 343 383 440 568 583 642 1002 
18 33 344 384 441 569 584 643 1003 
19 34 345 353 442 570 585 644 1004 
20 35 346 354 443 571 586 645 1005 
21 36 347 355 444 572 587 646 1006 
22 37 348 356 445 573 588 647 1007 
23 38 349 357 446 574 589 648 1008 
24 39 350 358 447 575 590 649 1009 
25 40 351 359 448 576 591 650 1010 
26 41 352 360 417 545 592 651 1011 
27 42 321 361 418 546 593 652 1012 
28 43 322 362 419 547 594 653 1013 
29 44 323 363 420 548 595 654 1014 
30 45 324 364 421 549 596 655 1015 
31 46 325 365 422 550 597 656 1016 
32 47 326 366 423 551 598 657 1017 
1 48 327 367 424 552 599 658 1018 
2 49 328 368 425 553 600 659 1019 
3 50 329 369 426 554 601 660 1020 
4 51 330 370 427 555 602 661 1021 
5 52 331 371 428 556 603 662 1022 
6 53 332 372 429 557 604 663 1023 
7 54 333 373 430 558 605 664 1024 
35 86 136 225 274 475 1025 
36 87 137 226 275 476 1026 
37 88 138 227 276 477 1027 
38 89 139 228 277 478 1028 
39 90 140 229 278 479 1029 
40 91 141 230 279 480 1030 
41 92 142 231 280 449 1031 
42 93 143 232 281 450 1032 
43 94 144 233 282 451 1033 
44 95 145 234 283 452 1034 
45 96 146 235 284 453 1035 
46 65 147 236 285 454 1036 
47 66 148 237 286 455 1037 
48 67 149 238 287 456 1038 
49 68 150 239 288 457 1039 
50 69 151 240 257 458 1040 
51 70 152 241 258 459 1041 
52 71 153 242 259 460 1042 
53 72 154 243 260 461 1043 
54 73 155 244 261 462 1044 
55 74 156 245 262 463 1045 
56 75 157 246 263 464 1046 
57 76 158 247 264 465 1047 
58 77 159 248 265 466 1048 
59 78 160 249 266 467 1049 
60 79 129 250 267 468 1050 
61 80 130 251 268 469 1051 
62 81 131 252 269 470 1052 
63 82 132 253 270 471 1053 
64 83 133 254 271 472 1054 
33 84 134 255 272 473 1055 
34 85 135 256 273 474 1056 
14 42 404 535 687 733 759 1057 
15 43 405 536 688 734 760 1058 
16 44 406 537 689 735 761 1059 
17 45 407 538 690 736 762 1060 
18 46 408 539 691 705 763 1061 
19 47 409 540 692 706 764 1062 
20 48 410 541 693 707 765 1063 
21 49 411 542 694 708 766 1064 
22 50 412 543 695 709 767 1065 
23 51 413 544 696 710 768 1066 
24 52 414 513 697 711 737 1067 
25 53 415 514 698 712 738 1068 
26 54 416 515 699 713 739 1069 
27 55 385 516 700 714 740 1070 
28 56 386 517 701 715 741 1071 
29 57 387 518 702 716 742 1072 
30 58 388 519 703 717 743 1073 
31 59 389 520 704 718 744 1074 
32 60 390 521 673 719 745 1075 
1 61 391 522 674 720 746 1076 
2 62 392 523 675 721 747 1077 
3 63 393 524 676 722 748 1078 
4 64 394 525 677 723 749 1079 
5 33 395 526 678 724 750 1080 
6 34 396 527 679 725 751 1081 
7 35 397 528 680 726 752 1082 
8 36 398 529 681 727 753 1083 
9 37 399 530 682 728 754 1084 
10 38 400 531 683 729 755 1085 
11 39 401 532 684 730 756 1086 
12 40 402 533 685 731 757 1087 
13 41 403 534 686 732 758 1088 
1 43 342 353 427 584 1089 
2 44 343 354 428 585 1090 
3 45 344 355 429 586 1091 
4 46 345 356 430 587 1092 
5 47 346 357 431 588 1093 
6 48 347 358 432 589 1094 
7 49 348 359 433 590 1095 
8 50 349 360 434 591 1096 
9 51 350 361 435 592 1097 
10 52 351 362 436 593 1098 
11 53 352 363 437 594 1099 
12 54 321 364 438 595 1100 
13 55 322 365 439 596 1101 
14 56 323 366 440 597 1102 
15 57 324 367 441 598 1103 
16 58 325 368 442 599 1104 
17 59 326 369 443 600 1105 
18 60 327 370 444 601 1106 
19 61 328 371 445 602 1107 
20 62 329 372 446 603 1108 
21 63 330 373 447 604 1109 
22 64 331 374 448 605 1110 
23 33 332 375 417 606 1111 
24 34 333 376 418 607 1112 
25 35 334 377 419 608 1113 
26 36 335 378 420 577 1114 
27 37 336 379 421 578 1115 
28 38 337 380 422 579 1116 
29 39 338 381 423 580 1117 
30 40 339 382 424 581 1118 
31 41 340 383 425 582 1119 
32 42 341 384 426 583 1120 

Code Parameters:
Number_Of_Bits_Transmitted_To_Channel:     1056
Information_Bit_Length:                    704
N:                                         1120
M:                                         416
Z:                                         32
R:                                         0.666667
